          	206118_a	206124_a	206125_a	206129_a	Hom  	Het  	Chet
rs211647  	12	12	10	22	 2	 5	 4
rs5982981 	22	22	20	12	 4	 3	 2
rs5939160 	22	22	20	12	 4	 3	 2
rs5983020 	21	22	20	21	 2	 5	 4
rs5982670 	11	11	10	11	 6	 2	 2
rs3850149 	11	12	10	11	 4	 3	 2
rs1205556 	22	22	20	22	 6	 2	 2
rs739951  	21	21	20	21	 0	 7	 6
rs12391871	22	22	20	22	 6	 2	 2
rs12395896	11	11	10	21	 4	 3	 2
rs7473249 	12	11	10	12	 2	 5	 4
rs6567564 	21	22	20	21	 2	 5	 4
rs6641817 	11	12	10	21	 2	 5	 4
rs10871867	12	11	10	12	 2	 5	 4
rs6641876 	11	11	10	21	 4	 3	 2
rs2068425 	22	21	20	22	 4	 3	 2
rs6530437 	11	11	10	21	 4	 3	 2
rs5915706 	22	21	20	22	 4	 3	 2
rs5915722 	21	22	20	11	 2	 3	 2
rs12847670	12	12	10	22	 2	 5	 4
rs12559781	12	12	10	22	 2	 5	 4
rs3848952 	12	12	10	12	 0	 7	 6
rs6640016 	00	00	00	00	 8	 0	 0
rs5916615 	12	12	10	12	 0	 7	 6
rs1296160 	22	22	20	22	 6	 2	 2
rs9988233 	12	12	10	12	 0	 7	 6
rs5915769 	11	11	10	21	 4	 3	 2
rs7881910 	22	21	20	22	 4	 3	 2
rs5961268 	22	21	20	22	 4	 3	 2
rs5915821 	12	11	10	12	 2	 5	 4
rs5961280 	11	11	10	11	 6	 2	 2
rs7886221 	22	22	20	22	 6	 2	 2
rs2166919 	12	12	10	22	 2	 5	 4
rs5915466 	21	21	20	21	 0	 7	 6
rs5915966 	22	21	20	22	 4	 3	 2
rs5961302 	12	12	10	12	 0	 7	 6
rs5961653 	12	11	10	22	 2	 3	 2
rs5915529 	12	12	10	12	 0	 7	 6
rs16997189	11	12	10	11	 4	 3	 2
rs7889175 	11	12	10	11	 4	 3	 2
rs5915540 	11	12	10	21	 2	 5	 4
rs5916099 	11	12	10	21	 2	 5	 4
rs1026907 	11	11	10	11	 6	 2	 2
rs5915584 	11	12	10	21	 2	 5	 4
rs12014849	11	12	10	11	 4	 3	 2
rs1482826 	21	22	20	21	 2	 5	 4
rs5916250 	22	21	20	12	 2	 5	 4
rs5916257 	11	12	10	11	 4	 3	 2
rs6529901 	11	12	10	11	 4	 3	 2
rs4132789 	22	21	20	22	 4	 3	 2
rs11797770	22	22	20	22	 6	 2	 2
rs7879679 	22	22	20	22	 6	 2	 2
rs12559215	12	12	10	22	 2	 5	 4
rs5916341 	12	11	10	22	 2	 3	 2
rs7876539 	22	22	20	22	 6	 2	 2
rs6638603 	11	12	10	11	 4	 3	 2
rs4826725 	11	12	10	11	 4	 3	 2
rs5962023 	22	21	20	22	 4	 3	 2
rs7881203 	21	22	20	21	 2	 5	 4
rs4553110 	22	22	20	22	 6	 2	 2
rs17221104	11	11	10	21	 4	 3	 2
rs5989488 	11	11	10	21	 4	 3	 2
rs6639663 	11	11	10	11	 6	 2	 2
rs12011309	11	12	10	21	 2	 5	 4
rs12392431	11	12	10	21	 2	 5	 4
rs4830699 	11	11	10	11	 6	 2	 2
rs1967630 	22	21	20	12	 2	 5	 4
rs5978965 	22	21	20	12	 2	 5	 4
rs4830410 	11	12	10	21	 2	 5	 4
rs5933779 	11	12	10	21	 2	 5	 4
rs5933846 	11	11	10	11	 6	 2	 2
rs5934958 	11	11	10	11	 6	 2	 2
rs5933907 	21	22	20	21	 2	 5	 4
rs5979531 	22	22	20	22	 6	 2	 2
rs5979736 	11	11	10	11	 6	 2	 2
rs6639903 	11	11	10	11	 6	 2	 2
rs4830517 	11	11	10	11	 6	 2	 2
rs3915297 	22	22	20	22	 6	 2	 2
rs758119  	12	11	10	22	 2	 3	 2
rs5933627 	21	21	20	11	 2	 5	 4
rs5934376 	12	12	10	22	 2	 5	 4
rs7056974 	12	12	10	12	 0	 7	 6
rs1454623 	11	11	10	21	 4	 3	 2
rs1921693 	11	12	10	11	 4	 3	 2
rs4830576 	21	21	20	21	 0	 7	 6
rs5978853 	22	21	20	22	 4	 3	 2
rs7892812 	21	21	20	21	 0	 7	 6
rs7890947 	21	21	20	11	 2	 5	 4
rs6638834 	22	21	20	22	 4	 3	 2
rs12393624	11	11	10	11	 6	 2	 2
rs5978928 	12	11	10	12	 2	 5	 4
rs5978944 	11	12	10	21	 2	 5	 4
rs2188935 	22	21	20	12	 2	 5	 4
rs739666  	00	00	00	00	 8	 0	 0
rs739668  	22	22	20	12	 4	 3	 2
rs1997346 	11	11	10	11	 6	 2	 2
rs997483  	12	12	10	22	 2	 5	 4
rs6530238 	12	12	10	22	 2	 5	 4
rs5979044 	11	12	10	21	 2	 5	 4
rs6640327 	21	22	20	11	 2	 3	 2
rs16985419	22	22	20	12	 4	 3	 2
rs7886116 	21	21	20	11	 2	 5	 4
rs16985548	22	22	20	22	 6	 2	 2
rs845444  	11	11	10	21	 4	 3	 2
rs2681645 	11	11	10	11	 6	 2	 2
rs2238860 	21	22	20	11	 2	 3	 2
rs768567  	21	22	20	11	 2	 3	 2
rs757005  	22	21	20	22	 4	 3	 2
rs11796366	22	22	20	22	 6	 2	 2
rs6530322 	11	11	10	21	 4	 3	 2
rs6640534 	12	12	10	22	 2	 5	 4
rs2239421 	11	11	10	11	 6	 2	 2
rs5933796 	12	12	10	22	 2	 5	 4
rs4830690 	12	12	10	12	 0	 7	 6
rs756828  	11	11	10	11	 6	 2	 2
rs17255418	22	21	20	12	 2	 5	 4
rs5979283 	11	12	10	11	 4	 3	 2
rs1989891 	21	21	20	11	 2	 5	 4
rs2406415 	22	21	20	12	 2	 5	 4
rs6640640 	12	11	10	12	 2	 5	 4
rs5979317 	12	12	10	22	 2	 5	 4
rs5934919 	12	11	10	12	 2	 5	 4
rs12849558	12	12	10	22	 2	 5	 4
rs2897495 	22	22	20	22	 6	 2	 2
rs5934956 	22	22	20	22	 6	 2	 2
rs5934961 	12	12	10	22	 2	 5	 4
rs1015534 	22	21	20	12	 2	 5	 4
rs2238902 	12	12	10	22	 2	 5	 4
rs946252  	22	22	20	22	 6	 2	 2
rs6640730 	12	12	10	22	 2	 5	 4
rs5935056 	21	22	20	21	 2	 5	 4
rs5935070 	21	21	20	11	 2	 5	 4
rs5933896 	22	22	20	22	 6	 2	 2
rs5979421 	11	12	10	21	 2	 5	 4
rs12011927	21	22	20	21	 2	 5	 4
rs5978459 	11	12	10	11	 4	 3	 2
rs5935153 	12	11	10	12	 2	 5	 4
rs10521619	12	11	10	12	 2	 5	 4
rs12014520	21	21	20	21	 0	 7	 6
rs1358276 	21	21	20	21	 0	 7	 6
rs5935194 	21	21	20	21	 0	 7	 6
rs7054708 	21	21	20	21	 0	 7	 6
rs5935248 	11	12	10	21	 2	 5	 4
rs5933971 	21	22	20	21	 2	 5	 4
rs4073740 	21	22	20	11	 2	 3	 2
rs7887011 	22	22	20	22	 6	 2	 2
rs2407834 	11	12	10	11	 4	 3	 2
rs6640995 	22	21	20	22	 4	 3	 2
rs6530529 	11	11	10	11	 6	 2	 2
rs975436  	22	22	20	22	 6	 2	 2
rs5979685 	11	12	10	11	 4	 3	 2
rs4338301 	11	12	10	11	 4	 3	 2
rs1266322 	22	21	20	22	 4	 3	 2
rs1731475 	21	21	20	21	 0	 7	 6
rs2699995 	12	11	10	12	 2	 5	 4
rs1548731 	12	12	10	12	 0	 7	 6
rs1483192 	21	22	20	11	 2	 3	 2
rs4830819 	12	11	10	12	 2	 5	 4
rs3851825 	12	11	10	12	 2	 5	 4
rs5934075 	21	21	20	21	 0	 7	 6
rs5935523 	21	22	20	21	 2	 5	 4
rs6631441 	22	22	20	12	 4	 3	 2
rs5979844 	12	11	10	22	 2	 3	 2
rs5979849 	21	22	20	11	 2	 3	 2
rs5979869 	21	22	20	11	 2	 3	 2
rs1982044 	21	22	20	11	 2	 3	 2
rs6633021 	21	22	20	11	 2	 3	 2
rs5935628 	12	11	10	22	 2	 3	 2
rs12391470	12	11	10	12	 2	 5	 4
rs4830891 	21	22	20	11	 2	 3	 2
rs17264371	11	11	10	11	 6	 2	 2
rs7052038 	22	22	20	22	 6	 2	 2
rs1859004 	21	22	20	11	 2	 3	 2
rs11798993	12	12	10	22	 2	 5	 4
rs1557725 	12	12	10	22	 2	 5	 4
rs5980005 	21	22	20	21	 2	 5	 4
rs4333771 	21	22	20	21	 2	 5	 4
rs12397143	11	11	10	11	 6	 2	 2
rs5980020 	21	22	20	21	 2	 5	 4
rs11798731	22	22	20	22	 6	 2	 2
rs7879330 	22	22	20	22	 6	 2	 2
rs3027310 	12	12	10	22	 2	 5	 4
rs989011  	12	12	10	22	 2	 5	 4
rs6526822 	11	11	10	11	 6	 2	 2
rs5980064 	22	22	20	22	 6	 2	 2
rs3020861 	22	22	20	22	 6	 2	 2
rs6527077 	11	11	10	11	 6	 2	 2
rs5980078 	11	11	10	11	 6	 2	 2
rs5980097 	11	11	10	11	 6	 2	 2
rs716129  	11	11	10	11	 6	 2	 2
rs6527296 	22	22	20	22	 6	 2	 2
rs5980128 	21	21	20	11	 2	 5	 4
rs1479927 	12	12	10	12	 0	 7	 6
rs5978726 	21	21	20	21	 0	 7	 6
rs6632528 	11	11	10	21	 4	 3	 2
rs7066452 	22	21	20	22	 4	 3	 2
rs963447  	11	12	10	21	 2	 5	 4
rs2048683 	12	11	10	22	 2	 3	 2
rs6632688 	22	22	20	22	 6	 2	 2
rs5936015 	12	11	10	22	 2	 3	 2
rs2316880 	22	21	20	12	 2	 5	 4
rs2015878 	11	12	10	11	 4	 3	 2
rs798149  	22	21	20	22	 4	 3	 2
rs2057705 	22	21	20	22	 4	 3	 2
rs705859  	22	22	20	22	 6	 2	 2
rs5936102 	22	22	20	22	 6	 2	 2
rs6527659 	22	22	20	22	 6	 2	 2
rs7885536 	22	22	20	22	 6	 2	 2
rs1634655 	22	22	20	22	 6	 2	 2
rs6632799 	12	12	10	22	 2	 5	 4
rs5980263 	12	12	10	22	 2	 5	 4
rs1527073 	12	12	10	22	 2	 5	 4
rs7049288 	22	21	20	22	 4	 3	 2
rs1634635 	12	12	10	22	 2	 5	 4
rs1727965 	11	12	10	11	 4	 3	 2
rs6632860 	21	22	20	11	 2	 3	 2
rs5980326 	21	22	20	11	 2	 3	 2
rs6629176 	21	22	20	11	 2	 3	 2
rs4828559 	21	22	20	11	 2	 3	 2
rs6632912 	11	11	10	21	 4	 3	 2
rs5924535 	11	12	10	21	 2	 5	 4
rs1426800 	22	21	20	22	 4	 3	 2
rs4828525 	22	21	20	22	 4	 3	 2
rs2382814 	22	21	20	22	 4	 3	 2
rs7391251 	22	21	20	12	 2	 5	 4
rs11094720	11	11	10	21	 4	 3	 2
rs12689986	22	22	20	12	 4	 3	 2
rs6418708 	12	12	10	22	 2	 5	 4
rs6527797 	11	11	10	11	 6	 2	 2
rs4825330 	22	22	20	22	 6	 2	 2
rs4825359 	21	22	20	11	 2	 3	 2
rs5909141 	21	21	20	21	 0	 7	 6
rs2227145 	21	21	20	21	 0	 7	 6
rs5909415 	21	21	20	21	 0	 7	 6
rs16980752	21	21	20	11	 2	 5	 4
rs5909442 	21	21	20	11	 2	 5	 4
rs2051604 	21	21	20	11	 2	 5	 4
rs5909473 	11	11	10	21	 4	 3	 2
rs6629282 	12	12	10	12	 0	 7	 6
rs763051  	11	11	10	11	 6	 2	 2
rs4825236 	11	11	10	11	 6	 2	 2
rs2283717 	12	12	10	12	 0	 7	 6
rs239755  	11	11	10	21	 4	 3	 2
rs6633170 	12	11	10	12	 2	 5	 4
rs4825239 	21	22	20	21	 2	 5	 4
rs6633185 	12	11	10	12	 2	 5	 4
rs5955691 	22	22	20	22	 6	 2	 2
rs5955721 	22	22	20	22	 6	 2	 2
rs7064412 	11	11	10	21	 4	 3	 2
rs5955554 	22	22	20	12	 4	 3	 2
rs5955562 	21	21	20	11	 2	 5	 4
rs12157000	12	12	10	12	 0	 7	 6
rs6527940 	12	12	10	22	 2	 5	 4
rs7878386 	21	21	20	11	 2	 5	 4
rs16981266	21	21	20	11	 2	 5	 4
rs7889157 	21	21	20	11	 2	 5	 4
rs7878565 	12	12	10	22	 2	 5	 4
rs5955583 	21	21	20	11	 2	 5	 4
rs7882519 	12	12	10	22	 2	 5	 4
rs7879807 	12	12	10	22	 2	 5	 4
rs4078459 	21	21	20	11	 2	 5	 4
rs6418738 	21	21	20	11	 2	 5	 4
rs12689240	12	12	10	22	 2	 5	 4
rs7471538 	11	11	10	21	 4	 3	 2
rs16981405	22	22	20	22	 6	 2	 2
rs12393059	22	22	20	12	 4	 3	 2
rs5990819 	11	11	10	21	 4	 3	 2
rs5950333 	21	21	20	21	 0	 7	 6
rs28546356	21	22	20	21	 2	 5	 4
rs10126826	21	21	20	21	 0	 7	 6
rs6629390 	12	12	10	12	 0	 7	 6
rs6528009 	11	12	10	11	 4	 3	 2
rs4969764 	11	12	10	11	 4	 3	 2
rs5904568 	22	22	20	22	 6	 2	 2
rs6633421 	11	12	10	21	 2	 5	 4
rs5951621 	11	12	10	11	 4	 3	 2
rs17275121	12	11	10	22	 2	 3	 2
rs7878576 	21	22	20	11	 2	 3	 2
rs41303153	22	21	20	22	 4	 3	 2
rs2361662 	12	11	10	22	 2	 3	 2
rs5951491 	22	22	20	22	 6	 2	 2
rs178704  	22	22	20	12	 4	 3	 2
rs1292027 	22	21	20	22	 4	 3	 2
rs4824228 	22	21	20	22	 4	 3	 2
rs5951512 	22	22	20	22	 6	 2	 2
rs5951739 	11	12	10	11	 4	 3	 2
rs5951567 	21	22	20	21	 2	 5	 4
rs17249130	22	21	20	22	 4	 3	 2
rs5904535 	12	12	10	12	 0	 7	 6
rs7059692 	22	22	20	22	 6	 2	 2
rs6528142 	22	21	20	22	 4	 3	 2
rs5925937 	11	12	10	11	 4	 3	 2
rs5925649 	21	21	20	21	 0	 7	 6
rs5970634 	11	11	10	11	 6	 2	 2
rs6528180 	21	22	20	22	 4	 3	 2
rs6633658 	22	21	20	21	 2	 5	 4
rs5926142 	21	22	20	22	 4	 3	 2
rs5925707 	11	11	10	11	 6	 2	 2
rs5970976 	11	12	10	12	 2	 5	 4
rs11094892	22	22	20	12	 4	 3	 2
rs5971042 	11	11	10	11	 6	 2	 2
rs5926263 	11	11	10	11	 6	 2	 2
rs5971087 	11	11	10	11	 6	 2	 2
rs7064366 	21	22	20	22	 4	 3	 2
rs5926319 	11	11	10	11	 6	 2	 2
rs6627929 	21	21	20	21	 0	 7	 6
rs5970748 	12	12	10	12	 0	 7	 6
rs2136678 	12	12	10	12	 0	 7	 6
rs4828877 	22	21	20	21	 2	 5	 4
rs11797996	21	21	20	11	 2	 5	 4
rs7879340 	12	11	10	21	 2	 5	 4
rs5925624 	11	11	10	21	 4	 3	 2
rs4828835 	12	12	10	22	 2	 5	 4
rs5925992 	11	11	10	21	 4	 3	 2
rs6526366 	22	21	20	11	 2	 3	 2
rs7058412 	11	11	10	11	 6	 2	 2
rs2520325 	12	11	10	11	 4	 3	 2
rs5990042 	22	22	20	22	 6	 2	 2
rs2091452 	11	11	10	21	 4	 3	 2
rs11798841	11	11	10	11	 6	 2	 2
rs16983026	11	11	10	11	 6	 2	 2
rs12556785	12	11	10	11	 4	 3	 2
rs11094971	12	11	10	11	 4	 3	 2
rs5986338 	11	11	10	21	 4	 3	 2
rs12687181	22	22	20	12	 4	 3	 2
rs1209395 	11	11	10	21	 4	 3	 2
rs4898299 	11	11	10	21	 4	 3	 2
rs5943989 	22	22	20	12	 4	 3	 2
rs6628039 	11	11	10	21	 4	 3	 2
rs11573525	22	22	20	12	 4	 3	 2
rs2188616 	11	12	10	12	 2	 5	 4
rs12851015	11	12	10	12	 2	 5	 4
rs12014920	12	11	10	11	 4	 3	 2
rs4132039 	12	11	10	11	 4	 3	 2
rs5944036 	12	11	10	11	 4	 3	 2
rs5944077 	12	11	10	11	 4	 3	 2
rs12556828	12	12	10	12	 0	 7	 6
rs4409560 	12	12	10	22	 2	 5	 4
rs7052867 	21	21	20	11	 2	 5	 4
rs5944138 	21	21	20	11	 2	 5	 4
rs5986272 	12	11	10	21	 2	 5	 4
rs2029274 	22	22	20	22	 6	 2	 2
rs1386628 	21	22	20	12	 2	 5	 4
rs5943833 	11	11	10	11	 6	 2	 2
rs4332301 	21	22	20	22	 4	 3	 2
rs5944301 	21	21	20	21	 0	 7	 6
rs2215074 	22	22	20	12	 4	 3	 2
rs3810757 	21	21	20	21	 0	 7	 6
rs5943887 	11	11	10	21	 4	 3	 2
rs5944423 	11	11	10	21	 4	 3	 2
rs5944447 	22	22	20	12	 4	 3	 2
rs5944459 	11	11	10	21	 4	 3	 2
rs5944480 	22	22	20	12	 4	 3	 2
rs5944519 	22	22	20	12	 4	 3	 2
rs2108644 	12	12	10	22	 2	 5	 4
rs5944560 	11	11	10	21	 4	 3	 2
rs5943961 	22	22	20	12	 4	 3	 2
rs4898286 	21	21	20	11	 2	 5	 4
rs5986678 	22	22	20	12	 4	 3	 2
rs12556295	11	11	10	21	 4	 3	 2
rs4829043 	12	12	10	12	 0	 7	 6
rs6630313 	12	12	10	22	 2	 5	 4
rs5926585 	12	12	10	22	 2	 5	 4
rs12846721	22	22	20	22	 6	 2	 2
rs5926376 	21	22	20	12	 2	 5	 4
rs1448411 	12	11	10	21	 2	 5	 4
rs5926697 	22	22	20	22	 6	 2	 2
rs4466560 	11	11	10	11	 6	 2	 2
rs4313315 	12	11	10	21	 2	 5	 4
rs4829007 	12	11	10	21	 2	 5	 4
rs221406  	12	12	10	22	 2	 5	 4
rs12015037	22	22	20	12	 4	 3	 2
rs5971423 	12	12	10	12	 0	 7	 6
rs5926480 	22	21	20	11	 2	 3	 2
rs12689004	22	21	20	21	 2	 5	 4
rs1368769 	12	11	10	21	 2	 5	 4
rs12013038	11	11	10	21	 4	 3	 2
rs7879393 	22	22	20	12	 4	 3	 2
rs5971150 	22	22	20	12	 4	 3	 2
rs5971276 	11	11	10	21	 4	 3	 2
rs6630622 	12	11	10	21	 2	 5	 4
rs5926567 	11	11	10	21	 4	 3	 2
rs5971317 	21	22	20	22	 4	 3	 2
rs5985780 	22	21	20	11	 2	 3	 2
rs7054736 	11	12	10	22	 2	 3	 2
rs5943445 	21	21	20	11	 2	 5	 4
rs6628365 	11	12	10	22	 2	 3	 2
rs11095131	22	21	20	21	 2	 5	 4
rs197018  	11	11	10	11	 6	 2	 2
rs12387961	12	12	10	22	 2	 5	 4
rs7888309 	22	21	20	11	 2	 3	 2
rs1482949 	12	11	10	11	 4	 3	 2
rs1813566 	21	22	20	22	 4	 3	 2
rs628704  	21	22	20	22	 4	 3	 2
rs5943472 	22	22	20	22	 6	 2	 2
rs6526833 	22	22	20	22	 6	 2	 2
rs5985958 	11	11	10	11	 6	 2	 2
rs6630822 	22	22	20	22	 6	 2	 2
rs1997737 	11	11	10	11	 6	 2	 2
rs6526848 	11	11	10	11	 6	 2	 2
rs1983590 	11	12	10	12	 2	 5	 4
rs6628425 	12	11	10	21	 2	 5	 4
rs5971517 	21	22	20	12	 2	 5	 4
rs6653821 	21	22	20	12	 2	 5	 4
rs6526899 	21	21	20	21	 0	 7	 6
rs4829260 	21	22	20	22	 4	 3	 2
rs4128143 	12	12	10	12	 0	 7	 6
rs5971751 	12	12	10	12	 0	 7	 6
rs1419849 	12	11	10	11	 4	 3	 2
rs6653829 	12	11	10	11	 4	 3	 2
rs6630986 	11	11	10	11	 6	 2	 2
rs1859830 	21	22	20	22	 4	 3	 2
rs2190475 	22	22	20	12	 4	 3	 2
rs1544485 	11	11	10	21	 4	 3	 2
rs10521955	22	22	20	22	 6	 2	 2
rs3788891 	11	11	10	11	 6	 2	 2
rs2764765 	22	22	20	22	 6	 2	 2
rs9887430 	11	11	10	11	 6	 2	 2
rs11095185	11	11	10	11	 6	 2	 2
rs6418619 	21	22	20	22	 4	 3	 2
rs5927568 	22	22	20	12	 4	 3	 2
rs728149  	11	12	10	12	 2	 5	 4
rs6527002 	22	21	20	21	 2	 5	 4
rs7877130 	22	22	20	22	 6	 2	 2
rs1905204 	11	11	10	11	 6	 2	 2
rs3900730 	22	22	20	22	 6	 2	 2
rs6631214 	22	22	20	22	 6	 2	 2
rs5971539 	22	21	20	21	 2	 5	 4
rs397838  	11	11	10	11	 6	 2	 2
rs5972328 	11	11	10	11	 6	 2	 2
rs5927713 	11	11	10	21	 4	 3	 2
rs4829218 	11	11	10	21	 4	 3	 2
rs5927011 	22	21	20	21	 2	 5	 4
rs7886117 	11	11	10	11	 6	 2	 2
rs6653851 	21	22	20	22	 4	 3	 2
rs6527097 	21	22	20	22	 4	 3	 2
rs6631350 	21	22	20	12	 2	 5	 4
rs2030002 	12	11	10	11	 4	 3	 2
rs5927810 	12	11	10	11	 4	 3	 2
rs2646305 	11	12	10	12	 2	 5	 4
rs5927043 	21	22	20	12	 2	 5	 4
rs2996021 	11	12	10	12	 2	 5	 4
rs16989953	11	11	10	21	 4	 3	 2
rs3761604 	22	22	20	12	 4	 3	 2
rs6628669 	22	22	20	12	 4	 3	 2
rs17270877	22	22	20	22	 6	 2	 2
rs1718049 	21	22	20	22	 4	 3	 2
rs2685890 	21	21	20	11	 2	 5	 4
rs6631526 	12	11	10	21	 2	 5	 4
rs5971622 	22	22	20	22	 6	 2	 2
rs6628711 	11	11	10	21	 4	 3	 2
rs3788905 	11	11	10	11	 6	 2	 2
rs228309  	12	12	10	12	 0	 7	 6
rs228361  	11	11	10	11	 6	 2	 2
rs808535  	22	22	20	12	 4	 3	 2
rs2748309 	12	11	10	11	 4	 3	 2
rs5972677 	12	11	10	11	 4	 3	 2
rs932579  	12	11	10	11	 4	 3	 2
rs1547016 	12	11	10	21	 2	 5	 4
rs5928133 	12	12	10	22	 2	 5	 4
rs2814855 	21	22	20	22	 4	 3	 2
rs2094147 	12	12	10	12	 0	 7	 6
rs5972765 	22	21	20	21	 2	 5	 4
rs12847086	11	12	10	12	 2	 5	 4
rs1883482 	21	21	20	21	 0	 7	 6
rs12557990	11	12	10	12	 2	 5	 4
rs5927172 	12	11	10	11	 4	 3	 2
rs4539031 	21	22	20	22	 4	 3	 2
rs12555949	22	22	20	22	 6	 2	 2
rs6631822 	22	22	20	22	 6	 2	 2
rs2506814 	11	11	10	21	 4	 3	 2
rs17283751	11	11	10	21	 4	 3	 2
rs2455623 	22	22	20	12	 4	 3	 2
rs3006150 	11	11	10	11	 6	 2	 2
rs3006129 	11	11	10	11	 6	 2	 2
rs12557635	12	11	10	11	 4	 3	 2
rs961111  	22	22	20	22	 6	 2	 2
rs5927260 	21	22	20	22	 4	 3	 2
rs5927267 	11	11	10	21	 4	 3	 2
rs4829149 	22	22	20	12	 4	 3	 2
rs6631991 	22	22	20	22	 6	 2	 2
rs4430236 	22	22	20	22	 6	 2	 2
rs4379592 	11	11	10	11	 6	 2	 2
rs5973249 	22	22	20	22	 6	 2	 2
rs5973273 	11	12	10	12	 2	 5	 4
rs5973287 	11	12	10	12	 2	 5	 4
rs3109511 	22	22	20	22	 6	 2	 2
rs12860049	22	22	20	22	 6	 2	 2
rs5973323 	11	11	10	11	 6	 2	 2
rs2216895 	12	12	10	22	 2	 5	 4
rs12842885	12	12	10	22	 2	 5	 4
rs5927399 	21	21	20	11	 2	 5	 4
rs5973377 	21	22	20	22	 4	 3	 2
rs6632302 	21	22	20	22	 4	 3	 2
rs5927443 	12	12	10	22	 2	 5	 4
rs4829161 	12	11	10	21	 2	 5	 4
rs6632367 	11	11	10	11	 6	 2	 2
rs6527521 	22	22	20	22	 6	 2	 2
rs6632511 	22	21	20	21	 2	 5	 4
rs6632558 	11	12	10	12	 2	 5	 4
rs5973651 	11	12	10	12	 2	 5	 4
rs7058734 	22	22	20	22	 6	 2	 2
rs4370685 	22	22	20	22	 6	 2	 2
rs6653974 	12	11	10	11	 4	 3	 2
rs5973752 	21	22	20	22	 4	 3	 2
rs2077370 	21	21	20	11	 2	 5	 4
rs5917930 	12	12	10	22	 2	 5	 4
rs5917471 	22	22	20	22	 6	 2	 2
rs7059055 	22	21	20	21	 2	 5	 4
rs2144997 	12	12	10	22	 2	 5	 4
rs34186844	22	22	20	22	 6	 2	 2
rs5918462 	22	22	20	22	 6	 2	 2
rs5918486 	11	11	10	11	 6	 2	 2
rs4827341 	21	21	20	21	 0	 7	 6
rs12688347	11	12	10	12	 2	 5	 4
rs4826993 	21	22	20	22	 4	 3	 2
rs7055511 	11	11	10	11	 6	 2	 2
rs4827103 	12	12	10	12	 0	 7	 6
rs5963518 	11	12	10	12	 2	 5	 4
rs5917614 	21	21	20	11	 2	 5	 4
rs5963079 	21	21	20	11	 2	 5	 4
rs17313350	12	11	10	21	 2	 5	 4
rs5963545 	21	22	20	12	 2	 5	 4
rs199857  	12	12	10	22	 2	 5	 4
rs1319449 	21	21	20	11	 2	 5	 4
rs964528  	22	21	20	11	 2	 3	 2
rs175406  	22	22	20	22	 6	 2	 2
rs5917719 	11	11	10	11	 6	 2	 2
rs11266243	22	22	20	12	 4	 3	 2
rs6610244 	22	21	20	21	 2	 5	 4
rs5963635 	21	22	20	22	 4	 3	 2
rs4330825 	11	11	10	21	 4	 3	 2
rs5917304 	22	22	20	22	 6	 2	 2
rs1318834 	11	12	10	12	 2	 5	 4
rs7881342 	21	22	20	12	 2	 5	 4
rs12014134	12	11	10	21	 2	 5	 4
rs958642  	11	11	10	11	 6	 2	 2
rs176282  	11	11	10	21	 4	 3	 2
rs5963688 	22	22	20	12	 4	 3	 2
rs5917874 	11	11	10	21	 4	 3	 2
rs3008922 	22	22	20	22	 6	 2	 2
rs3008903 	22	22	20	12	 4	 3	 2
rs5917908 	11	11	10	21	 4	 3	 2
rs17144380	22	22	20	22	 6	 2	 2
rs4076107 	22	21	20	21	 2	 5	 4
rs5917351 	22	22	20	12	 4	 3	 2
rs7876589 	22	22	20	12	 4	 3	 2
rs2961375 	11	11	10	11	 6	 2	 2
rs2939571 	12	11	10	21	 2	 5	 4
rs17145725	22	22	20	12	 4	 3	 2
rs952836  	12	11	10	11	 4	 3	 2
rs6520651 	22	21	20	21	 2	 5	 4
rs2971593 	11	11	10	11	 6	 2	 2
rs4399059 	22	22	20	22	 6	 2	 2
rs7052408 	11	11	10	11	 6	 2	 2
rs5918039 	22	22	20	22	 6	 2	 2
rs5918047 	12	12	10	22	 2	 5	 4
rs5918053 	12	12	10	12	 0	 7	 6
rs5917393 	11	12	10	12	 2	 5	 4
rs4307493 	22	21	20	21	 2	 5	 4
rs6609121 	21	22	20	22	 4	 3	 2
rs12689801	12	11	10	11	 4	 3	 2
rs3788879 	22	22	20	22	 6	 2	 2
rs7879639 	12	11	10	11	 4	 3	 2
rs3848979 	12	12	10	22	 2	 5	 4
rs787071  	11	11	10	11	 6	 2	 2
rs1794656 	21	21	20	21	 0	 7	 6
rs2807171 	12	12	10	22	 2	 5	 4
rs5918201 	11	11	10	11	 6	 2	 2
rs5918220 	22	22	20	22	 6	 2	 2
rs1999097 	11	11	10	11	 6	 2	 2
rs5963276 	22	22	20	22	 6	 2	 2
rs11797919	22	22	20	22	 6	 2	 2
rs1195386 	11	11	10	11	 6	 2	 2
rs12557638	22	22	20	12	 4	 3	 2
rs6610649 	11	11	10	21	 4	 3	 2
rs432284  	21	22	20	22	 4	 3	 2
rs2384800 	11	11	10	11	 6	 2	 2
rs5918304 	11	11	10	21	 4	 3	 2
rs5918333 	11	11	10	21	 4	 3	 2
rs17310225	22	22	20	22	 6	 2	 2
rs4397582 	11	12	10	12	 2	 5	 4
rs5918380 	22	21	20	21	 2	 5	 4
rs6610700 	22	22	20	22	 6	 2	 2
rs17244517	12	12	10	22	 2	 5	 4
rs2379628 	21	21	20	11	 2	 5	 4
rs1005531 	21	21	20	11	 2	 5	 4
rs5991515 	21	21	20	11	 2	 5	 4
rs5991683 	11	12	10	22	 2	 3	 2
rs5950925 	11	11	10	21	 4	 3	 2
rs6610746 	11	12	10	22	 2	 3	 2
rs5991562 	22	22	20	12	 4	 3	 2
rs5950951 	11	12	10	12	 2	 5	 4
rs17310442	11	12	10	12	 2	 5	 4
rs5950986 	12	12	10	12	 0	 7	 6
rs5991642 	12	12	10	12	 0	 7	 6
rs4986511 	21	21	20	21	 0	 7	 6
rs7055281 	12	12	10	12	 0	 7	 6
rs12057128	21	21	20	21	 0	 7	 6
rs5991481 	11	12	10	12	 2	 5	 4
rs5906154 	22	21	20	21	 2	 5	 4
rs5906957 	12	12	10	12	 0	 7	 6
rs979606  	22	21	20	21	 2	 5	 4
rs6651806 	11	11	10	11	 6	 2	 2
rs5906278 	12	11	10	11	 4	 3	 2
rs5906392 	12	11	10	11	 4	 3	 2
rs6609280 	12	12	10	12	 0	 7	 6
rs1335102 	21	21	20	11	 2	 5	 4
rs12559662	22	22	20	22	 6	 2	 2
rs7058794 	21	22	20	22	 4	 3	 2
rs7876561 	12	12	10	12	 0	 7	 6
rs6609303 	11	11	10	21	 4	 3	 2
rs7051695 	12	12	10	22	 2	 5	 4
rs5905827 	21	21	20	11	 2	 5	 4
rs6610998 	12	11	10	21	 2	 5	 4
rs4824517 	21	22	20	22	 4	 3	 2
rs5952254 	11	12	10	22	 2	 3	 2
rs34167506	22	22	20	12	 4	 3	 2
rs5952647 	12	11	10	21	 2	 5	 4
rs7054198 	11	11	10	21	 4	 3	 2
rs3979422 	11	11	10	21	 4	 3	 2
rs7882149 	22	22	20	12	 4	 3	 2
rs6520998 	11	11	10	21	 4	 3	 2
rs7050908 	21	22	20	22	 4	 3	 2
rs7471977 	12	11	10	11	 4	 3	 2
rs5952730 	11	11	10	11	 6	 2	 2
rs5952741 	11	12	10	22	 2	 3	 2
rs5905455 	22	21	20	11	 2	 3	 2
rs5905468 	12	11	10	11	 4	 3	 2
rs11091163	11	12	10	22	 2	 3	 2
rs5952775 	22	21	20	11	 2	 3	 2
rs2353631 	22	21	20	11	 2	 3	 2
rs1156046 	21	21	20	11	 2	 5	 4
rs2745708 	12	12	10	22	 2	 5	 4
rs6417903 	22	21	20	11	 2	 3	 2
rs5905489 	22	22	20	22	 6	 2	 2
rs1033464 	11	11	10	11	 6	 2	 2
rs485783  	11	11	10	11	 6	 2	 2
rs982150  	22	22	20	22	 6	 2	 2
rs2355383 	11	11	10	11	 6	 2	 2
rs1936654 	11	11	10	21	 4	 3	 2
rs5906163 	11	11	10	11	 6	 2	 2
rs851235  	22	21	20	21	 2	 5	 4
rs5905532 	22	22	20	12	 4	 3	 2
rs5906201 	11	11	10	11	 6	 2	 2
rs12014983	22	22	20	22	 6	 2	 2
rs1569481 	11	12	10	22	 2	 3	 2
rs760697  	11	12	10	22	 2	 3	 2
rs17327362	22	21	20	11	 2	 3	 2
rs5906258 	21	21	20	11	 2	 5	 4
rs5906274 	12	12	10	22	 2	 5	 4
rs1156592 	22	22	20	22	 6	 2	 2
rs10481837	12	12	10	22	 2	 5	 4
rs11796340	11	11	10	11	 6	 2	 2
rs6521175 	12	12	10	12	 0	 7	 6
rs6609459 	12	11	10	11	 4	 3	 2
rs6521185 	21	22	20	12	 2	 5	 4
rs3005655 	22	22	20	12	 4	 3	 2
rs2498183 	21	21	20	11	 2	 5	 4
rs6520263 	12	12	10	22	 2	 5	 4
rs5905607 	21	22	20	12	 2	 5	 4
rs7891301 	21	21	20	11	 2	 5	 4
rs723556  	21	21	20	11	 2	 5	 4
rs1998837 	11	11	10	21	 4	 3	 2
rs1997638 	22	22	20	22	 6	 2	 2
rs1207471 	22	22	20	22	 6	 2	 2
rs9887125 	12	12	10	22	 2	 5	 4
rs558127  	12	11	10	12	 2	 5	 4
rs560236  	11	12	10	21	 2	 5	 4
rs6520321 	22	22	20	12	 4	 3	 2
rs4824685 	11	11	10	11	 6	 2	 2
rs12057122	22	22	20	12	 4	 3	 2
rs2005947 	11	12	10	11	 4	 3	 2
rs4824449 	11	11	10	21	 4	 3	 2
rs12556875	22	22	20	12	 4	 3	 2
rs3373    	11	11	10	11	 6	 2	 2
rs5906709 	11	11	10	21	 4	 3	 2
rs2205399 	21	22	20	21	 2	 5	 4
rs4824458 	11	11	10	11	 6	 2	 2
rs2071316 	11	11	10	11	 6	 2	 2
rs5906761 	22	22	20	22	 6	 2	 2
rs5906846 	11	11	10	11	 6	 2	 2
rs5906864 	22	22	20	12	 4	 3	 2
rs6520469 	22	22	20	22	 6	 2	 2
rs12851084	11	11	10	11	 6	 2	 2
rs5915259 	11	11	10	21	 4	 3	 2
rs4472655 	11	11	10	11	 6	 2	 2
rs12171755	22	22	20	22	 6	 2	 2
rs7889048 	22	22	20	12	 4	 3	 2
rs5915272 	12	11	10	12	 2	 5	 4
rs12834851	21	21	20	11	 2	 5	 4
rs5915314 	22	21	20	22	 4	 3	 2
rs2050844 	22	22	20	22	 6	 2	 2
rs11797546	22	22	20	12	 4	 3	 2
rs4826667 	22	21	20	12	 2	 5	 4
rs1151705 	21	21	20	11	 2	 5	 4
rs1151713 	11	11	10	11	 6	 2	 2
rs12843640	21	21	20	21	 0	 7	 6
rs5945620 	22	22	20	22	 6	 2	 2
rs5945653 	22	22	20	22	 6	 2	 2
rs5945677 	12	12	10	12	 0	 7	 6
rs976556  	21	21	20	21	 0	 7	 6
rs12353683	21	21	20	21	 0	 7	 6
rs12835969	12	12	10	12	 0	 7	 6
rs4131729 	21	21	20	21	 0	 7	 6
rs5991840 	12	12	10	22	 2	 5	 4
rs5991828 	12	12	10	22	 2	 5	 4
rs10855213	11	11	10	11	 6	 2	 2
rs2480443 	11	11	10	11	 6	 2	 2
rs5978131 	12	11	10	12	 2	 5	 4
rs12850534	12	11	10	12	 2	 5	 4
rs9781645 	21	22	20	21	 2	 5	 4
rs5960936 	12	11	10	12	 2	 5	 4
rs5960307 	22	22	20	22	 6	 2	 2
rs12015001	11	11	10	11	 6	 2	 2
rs2884905 	22	21	20	22	 4	 3	 2
rs2360739 	12	11	10	12	 2	 5	 4
rs34779123	21	21	20	21	 0	 7	 6
rs1043031 	21	21	20	21	 0	 7	 6
rs2143894 	21	21	20	21	 0	 7	 6
rs5914241 	12	12	10	12	 0	 7	 6
rs1476012 	12	12	10	22	 2	 5	 4
rs954958  	21	21	20	21	 0	 7	 6
rs1874110 	21	22	20	21	 2	 5	 4
rs5913800 	12	11	10	12	 2	 5	 4
rs6612287 	12	11	10	12	 2	 5	 4
rs5960434 	21	22	20	21	 2	 5	 4
rs4284165 	12	11	10	12	 2	 5	 4
rs5914365 	21	22	20	21	 2	 5	 4
rs1005612 	12	11	10	12	 2	 5	 4
rs3126259 	12	11	10	12	 2	 5	 4
rs17277273	12	11	10	12	 2	 5	 4
rs12556114	12	11	10	12	 2	 5	 4
rs5913857 	12	11	10	12	 2	 5	 4
rs2182193 	12	11	10	12	 2	 5	 4
rs17002941	21	22	20	21	 2	 5	 4
rs5960524 	21	22	20	21	 2	 5	 4
rs5960119 	21	22	20	21	 2	 5	 4
rs5960557 	12	11	10	12	 2	 5	 4
rs2104872 	21	22	20	21	 2	 5	 4
rs6612472 	12	11	10	12	 2	 5	 4
rs5914591 	12	11	10	12	 2	 5	 4
rs2375631 	12	11	10	12	 2	 5	 4
rs5914611 	21	22	20	21	 2	 5	 4
rs7065531 	12	11	10	12	 2	 5	 4
rs5914700 	12	11	10	12	 2	 5	 4
rs5960204 	21	22	20	21	 2	 5	 4
rs6612722 	12	11	10	12	 2	 5	 4
rs6611612 	12	11	10	12	 2	 5	 4
rs5915082 	21	22	20	21	 2	 5	 4
rs5988685 	21	22	20	21	 2	 5	 4
rs6611652 	12	11	10	12	 2	 5	 4
rs4625204 	11	11	10	21	 4	 3	 2
rs2942875 	21	22	20	21	 2	 5	 4
rs12690363	12	11	10	22	 2	 3	 2
rs6624752 	11	11	10	21	 4	 3	 2
rs5964685 	22	22	20	12	 4	 3	 2
rs12844754	21	22	20	11	 2	 3	 2
rs6624701 	21	22	20	11	 2	 3	 2
rs1547338 	12	11	10	12	 2	 5	 4
rs3843787 	11	11	10	11	 6	 2	 2
rs7888975 	12	11	10	12	 2	 5	 4
rs4827379 	21	22	20	21	 2	 5	 4
rs5919174 	11	11	10	11	 6	 2	 2
rs2497928 	11	11	10	11	 6	 2	 2
rs5919402 	11	11	10	11	 6	 2	 2
rs5918774 	22	22	20	22	 6	 2	 2
rs3859935 	22	22	20	22	 6	 2	 2
rs685993  	22	22	20	22	 6	 2	 2
rs7050085 	22	21	20	22	 4	 3	 2
rs2225124 	22	22	20	22	 6	 2	 2
rs7357990 	22	22	20	22	 6	 2	 2
rs5919577 	22	22	20	22	 6	 2	 2
rs7886577 	11	11	10	11	 6	 2	 2
rs2050979 	12	12	10	22	 2	 5	 4
rs5936901 	21	21	20	21	 0	 7	 6
rs697500  	22	21	20	12	 2	 5	 4
rs241748  	21	22	20	21	 2	 5	 4
rs1277987 	12	12	10	12	 0	 7	 6
rs1777640 	22	21	20	12	 2	 5	 4
rs12852945	11	12	10	11	 4	 3	 2
rs17312318	22	21	20	22	 4	 3	 2
rs5980803 	11	11	10	21	 4	 3	 2
rs4844341 	21	22	20	21	 2	 5	 4
rs973513  	21	22	20	11	 2	 3	 2
rs4844174 	21	22	20	21	 2	 5	 4
rs5981241 	11	11	10	21	 4	 3	 2
rs11798640	11	11	10	21	 4	 3	 2
rs5980827 	11	12	10	21	 2	 5	 4
rs2804385 	11	11	10	21	 4	 3	 2
rs2188454 	11	11	10	21	 4	 3	 2
rs12859728	22	21	20	22	 4	 3	 2
rs5936524 	12	11	10	22	 2	 3	 2
rs5980892 	21	21	20	21	 0	 7	 6
rs5980684 	11	12	10	21	 2	 5	 4
rs3849259 	11	12	10	21	 2	 5	 4
rs1152196 	22	22	20	22	 6	 2	 2
rs5936880 	21	21	20	21	 0	 7	 6
rs1925926 	11	11	10	21	 4	 3	 2
rs5980709 	11	11	10	11	 6	 2	 2
rs1317383 	21	21	20	11	 2	 5	 4
rs12558014	11	11	10	21	 4	 3	 2
rs5936965 	22	22	20	12	 4	 3	 2
rs7051336 	12	11	10	12	 2	 5	 4
rs6625698 	12	12	10	22	 2	 5	 4
rs5937039 	12	12	10	22	 2	 5	 4
rs3125945 	11	12	10	21	 2	 5	 4
rs9887450 	22	21	20	12	 2	 5	 4
rs4844285 	22	21	20	12	 2	 5	 4
rs2235132 	12	12	10	22	 2	 5	 4
rs3736670 	21	22	20	21	 2	 5	 4
rs6625811 	21	22	20	21	 2	 5	 4
rs5951225 	12	11	10	12	 2	 5	 4
rs7055831 	21	22	20	21	 2	 5	 4
rs4986622 	12	11	10	12	 2	 5	 4
rs9887370 	21	22	20	21	 2	 5	 4
rs7890052 	22	22	20	22	 6	 2	 2
rs3827426 	11	11	10	11	 6	 2	 2
rs576502  	22	22	20	22	 6	 2	 2
rs2984299 	11	11	10	11	 6	 2	 2
rs5912114 	22	22	20	22	 6	 2	 2
rs4557875 	11	12	10	11	 4	 3	 2
rs17265553	11	12	10	11	 4	 3	 2
rs6647997 	11	11	10	11	 6	 2	 2
rs239876  	11	12	10	11	 4	 3	 2
rs5938998 	11	11	10	11	 6	 2	 2
rs12559655	21	22	20	21	 2	 5	 4
rs4892797 	21	22	20	21	 2	 5	 4
rs195679  	12	11	10	12	 2	 5	 4
rs12833639	22	22	20	22	 6	 2	 2
rs7880321 	21	22	20	21	 2	 5	 4
rs3923803 	11	11	10	11	 6	 2	 2
rs174186  	12	11	10	12	 2	 5	 4
rs1263240 	21	21	20	21	 0	 7	 6
rs6647501 	12	11	10	12	 2	 5	 4
rs6647061 	22	22	20	22	 6	 2	 2
rs5937317 	22	22	20	22	 6	 2	 2
rs2886845 	11	11	10	11	 6	 2	 2
rs1072930 	11	11	10	11	 6	 2	 2
rs5938131 	11	11	10	11	 6	 2	 2
rs1938013 	22	22	20	22	 6	 2	 2
rs12156973	22	22	20	22	 6	 2	 2
rs12687256	21	22	20	11	 2	 3	 2
rs2214607 	11	11	10	11	 6	 2	 2
rs6647231 	22	22	20	22	 6	 2	 2
rs5938763 	22	22	20	22	 6	 2	 2
rs1448987 	11	11	10	11	 6	 2	 2
rs1597261 	11	11	10	11	 6	 2	 2
rs9781965 	22	22	20	12	 4	 3	 2
rs4826248 	11	11	10	21	 4	 3	 2
rs4825969 	11	11	10	21	 4	 3	 2
rs5959164 	11	12	10	21	 2	 5	 4
rs4641198 	11	11	10	11	 6	 2	 2
rs3132267 	12	12	10	22	 2	 5	 4
rs5912663 	22	21	20	12	 2	 5	 4
rs2898881 	11	12	10	21	 2	 5	 4
rs5959221 	11	12	10	21	 2	 5	 4
rs5912792 	11	12	10	21	 2	 5	 4
rs5912848 	21	22	20	21	 2	 5	 4
rs5959302 	12	11	10	22	 2	 3	 2
rs1474563 	12	11	10	12	 2	 5	 4
rs6615881 	21	22	20	21	 2	 5	 4
rs2411752 	11	11	10	11	 6	 2	 2
rs1353452 	22	21	20	22	 4	 3	 2
rs5959408 	21	21	20	21	 0	 7	 6
rs3127135 	12	12	10	12	 0	 7	 6
rs191790  	22	22	20	22	 6	 2	 2
rs11796677	12	11	10	12	 2	 5	 4
rs5912392 	22	22	20	22	 6	 2	 2
rs6621804 	22	22	20	22	 6	 2	 2
rs2082350 	12	12	10	22	 2	 5	 4
rs12557771	11	12	10	11	 4	 3	 2
rs5913351 	11	11	10	11	 6	 2	 2
rs6622387 	21	21	20	21	 0	 7	 6
rs1954611 	12	11	10	12	 2	 5	 4
rs1372756 	12	12	10	12	 0	 7	 6
rs1117472 	21	22	20	21	 2	 5	 4
rs12839057	22	22	20	22	 6	 2	 2
rs17281832	21	22	20	21	 2	 5	 4
rs5912534 	22	22	20	22	 6	 2	 2
rs6616776 	21	22	20	21	 2	 5	 4
rs17218533	22	21	20	12	 2	 5	 4
rs9698364 	11	11	10	11	 6	 2	 2
rs2223843 	11	12	10	21	 2	 5	 4
rs4828452 	22	21	20	12	 2	 5	 4
rs2223215 	22	22	20	12	 4	 3	 2
rs5924509 	22	21	20	12	 2	 5	 4
rs6622648 	11	12	10	11	 4	 3	 2
rs5969687 	12	12	10	12	 0	 7	 6
rs5968003 	00	00	00	00	 8	 0	 0
rs4828096 	12	12	10	12	 0	 7	 6
rs1072392 	12	12	10	12	 0	 7	 6
rs6616832 	11	11	10	11	 6	 2	 2
rs6524238 	12	12	10	12	 0	 7	 6
rs210446  	11	11	10	11	 6	 2	 2
rs709203  	11	11	10	11	 6	 2	 2
rs12689779	12	12	10	12	 0	 7	 6
rs5968181 	12	12	10	12	 0	 7	 6
rs7065630 	21	21	20	21	 0	 7	 6
rs5922854 	21	21	20	21	 0	 7	 6
rs825551  	12	12	10	12	 0	 7	 6
rs12847011	12	12	10	12	 0	 7	 6
rs765076  	21	21	20	21	 0	 7	 6
rs5968301 	12	12	10	12	 0	 7	 6
rs5922995 	12	12	10	12	 0	 7	 6
rs11798633	12	12	10	12	 0	 7	 6
rs9698353 	12	11	10	12	 2	 5	 4
rs5923100 	12	11	10	12	 2	 5	 4
rs1119121 	11	12	10	21	 2	 5	 4
rs1010796 	21	21	20	11	 2	 5	 4
rs5922152 	12	12	10	12	 0	 7	 6
rs12013799	11	11	10	11	 6	 2	 2
rs17278401	22	22	20	22	 6	 2	 2
rs5968504 	11	12	10	21	 2	 5	 4
rs6653081 	12	12	10	22	 2	 5	 4
rs2223342 	22	21	20	12	 2	 5	 4
rs1013033 	22	22	20	22	 6	 2	 2
rs16980331	12	12	10	22	 2	 5	 4
rs5923413 	11	11	10	11	 6	 2	 2
rs1883796 	12	12	10	22	 2	 5	 4
rs5923449 	12	12	10	22	 2	 5	 4
rs242861  	12	12	10	22	 2	 5	 4
rs1606012 	21	21	20	11	 2	 5	 4
rs6524628 	22	22	20	12	 4	 3	 2
rs7883622 	21	21	20	21	 0	 7	 6
rs5967729 	11	11	10	11	 6	 2	 2
rs5923536 	11	11	10	11	 6	 2	 2
rs5923555 	11	11	10	11	 6	 2	 2
rs4828151 	12	12	10	22	 2	 5	 4
rs767495  	11	11	10	11	 6	 2	 2
rs5923608 	11	11	10	11	 6	 2	 2
rs5968986 	12	11	10	22	 2	 3	 2
rs7055211 	21	21	20	11	 2	 5	 4
rs2213477 	21	21	20	11	 2	 5	 4
rs5923710 	22	21	20	12	 2	 5	 4
rs2746382 	21	21	20	21	 0	 7	 6
rs10855652	21	22	20	11	 2	 3	 2
rs1389353 	21	22	20	21	 2	 5	 4
rs3942350 	11	11	10	11	 6	 2	 2
rs1814116 	22	22	20	22	 6	 2	 2
rs7064578 	22	21	20	22	 4	 3	 2
rs5924032 	22	22	20	22	 6	 2	 2
rs5969229 	22	21	20	22	 4	 3	 2
rs2051622 	22	21	20	22	 4	 3	 2
rs5924067 	11	12	10	11	 4	 3	 2
rs2370012 	22	21	20	22	 4	 3	 2
rs5967881 	21	21	20	21	 0	 7	 6
rs11092988	22	21	20	22	 4	 3	 2
rs5924187 	22	22	20	22	 6	 2	 2
rs5924202 	11	11	10	11	 6	 2	 2
rs5969457 	11	12	10	11	 4	 3	 2
rs5922536 	22	21	20	22	 4	 3	 2
rs5969552 	11	12	10	11	 4	 3	 2
rs6617574 	11	12	10	21	 2	 5	 4
rs6614773 	21	22	20	21	 2	 5	 4
rs12007710	12	11	10	22	 2	 3	 2
rs11795535	22	22	20	12	 4	 3	 2
rs5941440 	22	21	20	12	 2	 5	 4
rs10521386	11	11	10	11	 6	 2	 2
rs2092156 	21	22	20	11	 2	 3	 2
rs5985024 	21	21	20	21	 0	 7	 6
rs2205631 	22	22	20	12	 4	 3	 2
rs6522191 	11	12	10	21	 2	 5	 4
rs5942422 	11	12	10	21	 2	 5	 4
rs5984273 	22	21	20	12	 2	 5	 4
rs5942523 	22	22	20	12	 4	 3	 2
rs2534039 	22	21	20	22	 4	 3	 2
rs223750  	22	22	20	22	 6	 2	 2
rs7879976 	11	12	10	11	 4	 3	 2
rs3865999 	12	11	10	12	 2	 5	 4
rs2290380 	11	11	10	11	 6	 2	 2
rs5940773 	11	11	10	11	 6	 2	 2
rs5941448 	21	21	20	21	 0	 7	 6
rs7885212 	12	11	10	12	 2	 5	 4
rs441302  	12	12	10	12	 0	 7	 6
rs11093238	11	11	10	11	 6	 2	 2
rs2557668 	11	11	10	11	 6	 2	 2
rs6618531 	22	22	20	22	 6	 2	 2
rs3014505 	22	21	20	22	 4	 3	 2
rs4893257 	12	12	10	12	 0	 7	 6
rs5984701 	22	22	20	12	 4	 3	 2
rs5940962 	21	21	20	21	 0	 7	 6
rs5941931 	22	21	20	12	 2	 5	 4
rs5941989 	11	12	10	21	 2	 5	 4
rs5984119 	11	11	10	21	 4	 3	 2
rs5984813 	22	22	20	12	 4	 3	 2
rs5942091 	11	11	10	11	 6	 2	 2
rs5984885 	12	11	10	22	 2	 3	 2
rs6618889 	12	12	10	12	 0	 7	 6
rs370928  	22	21	20	22	 4	 3	 2
rs2574031 	21	22	20	11	 2	 3	 2
rs3855797 	22	21	20	12	 2	 5	 4
rs2364526 	22	22	20	12	 4	 3	 2
rs12009352	22	22	20	12	 4	 3	 2
rs6619104 	11	12	10	11	 4	 3	 2
rs1157112 	11	11	10	11	 6	 2	 2
rs4571893 	12	12	10	22	 2	 5	 4
rs1327160 	11	11	10	11	 6	 2	 2
rs5940044 	12	12	10	22	 2	 5	 4
rs5940112 	11	12	10	11	 4	 3	 2
rs17321588	11	12	10	11	 4	 3	 2
rs2311603 	22	21	20	22	 4	 3	 2
rs5983526 	11	12	10	21	 2	 5	 4
rs5983230 	12	12	10	22	 2	 5	 4
rs5983579 	12	12	10	22	 2	 5	 4
rs16983070	11	12	10	11	 4	 3	 2
rs1207453 	12	11	10	12	 2	 5	 4
rs1613710 	12	11	10	12	 2	 5	 4
rs6615574 	12	12	10	22	 2	 5	 4
rs1341936 	22	22	20	22	 6	 2	 2
rs6619476 	11	11	10	11	 6	 2	 2
rs5983342 	21	21	20	11	 2	 5	 4
rs5939910 	12	12	10	22	 2	 5	 4
rs213684  	22	21	20	22	 4	 3	 2
rs7890541 	22	21	20	22	 4	 3	 2
rs5990261 	11	12	10	21	 2	 5	 4
rs2782723 	11	12	10	21	 2	 5	 4
rs6619561 	11	11	10	11	 6	 2	 2
rs6522814 	22	22	20	22	 6	 2	 2
rs12857888	12	11	10	12	 2	 5	 4
rs6619687 	12	11	10	12	 2	 5	 4
rs5990717 	22	21	20	22	 4	 3	 2
rs1936770 	11	12	10	11	 4	 3	 2
rs5950193 	22	21	20	22	 4	 3	 2
rs6619796 	12	11	10	12	 2	 5	 4
rs3015162 	11	11	10	11	 6	 2	 2
rs6522929 	22	22	20	22	 6	 2	 2
rs1573255 	11	11	10	11	 6	 2	 2
rs5990415 	22	22	20	22	 6	 2	 2
rs4969645 	11	11	10	11	 6	 2	 2
rs5949715 	21	22	20	11	 2	 3	 2
rs1323757 	11	11	10	21	 4	 3	 2
rs5949773 	11	11	10	11	 6	 2	 2
rs2142763 	12	11	10	12	 2	 5	 4
rs726579  	11	11	10	11	 6	 2	 2
rs2803382 	22	22	20	22	 6	 2	 2
rs17333514	21	21	20	11	 2	 5	 4
rs7055508 	11	11	10	11	 6	 2	 2
rs4413984 	11	12	10	11	 4	 3	 2
rs5949418 	22	21	20	12	 2	 5	 4
rs5949940 	22	22	20	22	 6	 2	 2
rs829802  	21	22	20	21	 2	 5	 4
rs6615866 	11	11	10	11	 6	 2	 2
rs170844  	21	22	20	21	 2	 5	 4
rs1494130 	21	22	20	21	 2	 5	 4
rs5966620 	21	21	20	11	 2	 5	 4
rs1569561 	12	12	10	22	 2	 5	 4
rs5921467 	22	21	20	12	 2	 5	 4
rs7056936 	11	12	10	21	 2	 5	 4
rs6620292 	22	21	20	12	 2	 5	 4
rs11798599	22	21	20	12	 2	 5	 4
rs5967336 	22	21	20	12	 2	 5	 4
rs5967345 	11	12	10	11	 4	 3	 2
rs5966774 	11	11	10	11	 6	 2	 2
rs402270  	11	11	10	11	 6	 2	 2
rs318161  	11	11	10	11	 6	 2	 2
rs12863581	21	22	20	21	 2	 5	 4
rs4827824 	21	22	20	21	 2	 5	 4
rs1325721 	11	12	10	21	 2	 5	 4
rs1933800 	11	11	10	11	 6	 2	 2
rs16982862	12	11	10	12	 2	 5	 4
rs5920673 	11	11	10	11	 6	 2	 2
rs5920682 	21	22	20	11	 2	 3	 2
rs875494  	22	22	20	12	 4	 3	 2
rs6616038 	21	21	20	21	 0	 7	 6
rs6523229 	21	21	20	21	 0	 7	 6
rs722196  	11	11	10	11	 6	 2	 2
rs2783736 	12	11	10	12	 2	 5	 4
rs12558663	22	22	20	22	 6	 2	 2
rs6523307 	11	11	10	21	 4	 3	 2
rs5921443 	22	22	20	12	 4	 3	 2
rs5967058 	22	22	20	22	 6	 2	 2
rs1489144 	11	11	10	11	 6	 2	 2
rs5967081 	11	11	10	11	 6	 2	 2
rs2000119 	22	22	20	22	 6	 2	 2
rs5921534 	11	11	10	21	 4	 3	 2
rs5921554 	22	22	20	12	 4	 3	 2
rs12559892	11	11	10	21	 4	 3	 2
rs12558910	22	21	20	22	 4	 3	 2
rs4369133 	21	22	20	21	 2	 5	 4
rs1204395 	22	22	20	12	 4	 3	 2
rs4828044 	22	22	20	12	 4	 3	 2
rs2022471 	21	22	20	11	 2	 3	 2
rs875450  	12	11	10	22	 2	 3	 2
rs16983650	11	11	10	21	 4	 3	 2
rs1204418 	22	21	20	12	 2	 5	 4
rs5967221 	11	12	10	21	 2	 5	 4
rs4827884 	12	12	10	22	 2	 5	 4
rs2144767 	22	22	20	12	 4	 3	 2
rs12012318	12	11	10	22	 2	 3	 2
rs2051565 	12	11	10	12	 2	 5	 4
rs876151  	22	22	20	22	 6	 2	 2
rs7884209 	21	21	20	11	 2	 5	 4
rs3027600 	22	21	20	12	 2	 5	 4
rs2361009 	11	11	10	11	 6	 2	 2
rs7060491 	12	11	10	22	 2	 3	 2
rs6616255 	12	11	10	12	 2	 5	 4
rs5951272 	22	22	20	12	 4	 3	 2
rs5951282 	21	22	20	21	 2	 5	 4
rs5951290 	21	22	20	11	 2	 3	 2
rs17258014	11	11	10	11	 6	 2	 2
rs997660  	21	22	20	11	 2	 3	 2
rs5944781 	12	11	10	22	 2	 3	 2
rs17284817	22	22	20	22	 6	 2	 2
rs2858282 	12	11	10	22	 2	 3	 2
rs5945016 	11	11	10	21	 4	 3	 2
rs5945042 	22	22	20	12	 4	 3	 2
rs509987  	12	11	10	12	 2	 5	 4
rs5945889 	12	11	10	12	 2	 5	 4
rs5987623 	11	11	10	21	 4	 3	 2
rs5987626 	22	22	20	12	 4	 3	 2
rs1159367 	11	11	10	11	 6	 2	 2
rs4907820 	11	11	10	21	 4	 3	 2
rs960109  	22	22	20	12	 4	 3	 2
rs5945912 	21	22	20	11	 2	 3	 2
rs2213353 	21	22	20	21	 2	 5	 4
rs6616440 	22	22	20	22	 6	 2	 2
rs9887225 	21	22	20	21	 2	 5	 4
rs743766  	22	22	20	22	 6	 2	 2
rs2743709 	21	22	20	21	 2	 5	 4
rs2983091 	21	22	20	21	 2	 5	 4
rs4907832 	22	21	20	12	 2	 5	 4
rs6621691 	12	11	10	12	 2	 5	 4
rs221937  	22	21	20	12	 2	 5	 4
rs6616493 	21	22	20	21	 2	 5	 4
rs7064741 	21	21	20	11	 2	 5	 4
rs12840012	11	12	10	11	 4	 3	 2
rs542085  	22	22	20	22	 6	 2	 2
rs178310  	22	21	20	12	 2	 5	 4
rs11092466	22	21	20	12	 2	 5	 4
rs5945729 	00	00	00	00	 8	 0	 0
rs178116  	11	11	10	11	 6	 2	 2
rs10521504	11	12	10	21	 2	 5	 4
rs9969916 	11	11	10	21	 4	 3	 2
rs2006816 	21	21	20	11	 2	 5	 4
rs6616521 	21	21	20	11	 2	 5	 4
rs768661  	12	11	10	12	 2	 5	 4
rs5917084 	12	12	10	22	 2	 5	 4
rs5917095 	12	12	10	22	 2	 5	 4
rs6523782 	22	22	20	22	 6	 2	 2
rs5917113 	11	11	10	11	 6	 2	 2
rs5917125 	21	22	20	21	 2	 5	 4
rs5917138 	21	22	20	21	 2	 5	 4
rs6621871 	21	22	20	21	 2	 5	 4
rs6621881 	12	12	10	22	 2	 5	 4
rs2187704 	12	11	10	12	 2	 5	 4
rs5916860 	11	12	10	21	 2	 5	 4
rs5916723 	11	12	10	21	 2	 5	 4
rs4826915 	22	21	20	12	 2	 5	 4
rs6621944 	22	21	20	12	 2	 5	 4
rs17332274	11	12	10	11	 4	 3	 2
rs5916918 	12	12	10	12	 0	 7	 6
rs6621985 	11	11	10	11	 6	 2	 2
rs210544  	22	22	20	22	 6	 2	 2
rs210432  	11	11	10	21	 4	 3	 2
rs2213343 	22	21	20	12	 2	 5	 4
rs17332342	11	12	10	11	 4	 3	 2
rs7886541 	12	12	10	22	 2	 5	 4
rs5916970 	11	11	10	11	 6	 2	 2
rs5916975 	12	11	10	22	 2	 3	 2
rs379742  	21	22	20	11	 2	 3	 2
rs12848085	22	22	20	22	 6	 2	 2
rs34722760	22	22	20	22	 6	 2	 2
rs17253508	22	22	20	12	 4	 3	 2
rs4409525 	21	22	20	11	 2	 3	 2
rs6622123 	21	22	20	11	 2	 3	 2
rs12688220	21	22	20	11	 2	 3	 2
rs1294084 	22	22	20	22	 6	 2	 2
rs5962822 	22	22	20	22	 6	 2	 2
rs5962833 	22	22	20	22	 6	 2	 2
rs5917053 	11	11	10	11	 6	 2	 2
rs7054689 	12	11	10	22	 2	 3	 2
rs16985291	11	11	10	11	 6	 2	 2
rs5962410 	22	22	20	22	 6	 2	 2
rs932414  	11	11	10	11	 6	 2	 2
rs1090957 	11	11	10	21	 4	 3	 2
rs5973840 	11	11	10	21	 4	 3	 2
rs7061076 	11	11	10	21	 4	 3	 2
rs927029  	22	21	20	12	 2	 5	 4
rs1028404 	11	12	10	21	 2	 5	 4
rs5973884 	11	12	10	21	 2	 5	 4
rs563074  	11	12	10	11	 4	 3	 2
rs484369  	21	21	20	21	 0	 7	 6
rs5943366 	21	21	20	11	 2	 5	 4
rs5985387 	12	12	10	22	 2	 5	 4
rs839388  	21	21	20	11	 2	 5	 4
rs7886473 	11	12	10	21	 2	 5	 4
rs6655225 	22	21	20	12	 2	 5	 4
rs5985414 	21	22	20	21	 2	 5	 4
rs2501834 	11	11	10	11	 6	 2	 2
rs2475818 	11	11	10	11	 6	 2	 2
rs5942873 	11	12	10	11	 4	 3	 2
rs5942621 	22	22	20	22	 6	 2	 2
rs5942890 	12	11	10	22	 2	 3	 2
rs2795995 	21	22	20	11	 2	 3	 2
rs5942907 	21	21	20	11	 2	 5	 4
rs3788769 	11	11	10	11	 6	 2	 2
rs7878637 	11	11	10	11	 6	 2	 2
rs17320750	22	22	20	22	 6	 2	 2
rs12395955	12	11	10	12	 2	 5	 4
rs5942972 	12	12	10	12	 0	 7	 6
rs5985519 	21	21	20	21	 0	 7	 6
rs10482447	21	21	20	21	 0	 7	 6
rs12689346	12	11	10	22	 2	 3	 2
rs4893465 	21	22	20	21	 2	 5	 4
rs5985312 	22	22	20	22	 6	 2	 2
rs10521534	11	11	10	21	 4	 3	 2
rs17881063	11	11	10	21	 4	 3	 2
rs5985655 	12	12	10	12	 0	 7	 6
rs7063059 	22	22	20	22	 6	 2	 2
rs17222664	11	11	10	11	 6	 2	 2
rs12008594	21	22	20	11	 2	 3	 2
rs7876393 	22	21	20	22	 4	 3	 2
rs2744437 	11	12	10	11	 4	 3	 2
rs2744446 	22	21	20	22	 4	 3	 2
rs5982519 	21	22	20	11	 2	 3	 2
rs6643035 	11	11	10	11	 6	 2	 2
rs12395363	21	22	20	11	 2	 3	 2
rs5929485 	11	11	10	21	 4	 3	 2
rs2106160 	11	11	10	11	 6	 2	 2
rs5974193 	12	11	10	12	 2	 5	 4
rs5974270 	11	11	10	11	 6	 2	 2
rs5973961 	11	11	10	11	 6	 2	 2
rs5973962 	11	11	10	11	 6	 2	 2
rs2188263 	11	11	10	21	 4	 3	 2
rs2369382 	12	11	10	12	 2	 5	 4
rs11796331	21	22	20	21	 2	 5	 4
rs3116901 	12	11	10	12	 2	 5	 4
rs5929252 	12	11	10	22	 2	 3	 2
rs6642581 	21	22	20	21	 2	 5	 4
rs41551318	22	22	20	12	 4	 3	 2
rs6643222 	21	22	20	21	 2	 5	 4
rs5929606 	12	11	10	22	 2	 3	 2
rs1205779 	21	22	20	21	 2	 5	 4
rs5929623 	22	21	20	22	 4	 3	 2
rs5929145 	22	21	20	22	 4	 3	 2
rs5929153 	11	12	10	11	 4	 3	 2
rs5929362 	22	21	20	22	 4	 3	 2
rs5929403 	12	11	10	22	 2	 3	 2
rs17223351	22	22	20	12	 4	 3	 2
rs3007198 	12	12	10	22	 2	 5	 4
rs5974147 	12	12	10	21	 0	 7	 6
rs3007182 	12	11	10	11	 4	 3	 2
rs6643399 	22	21	20	12	 2	 5	 4
rs5974208 	12	11	10	21	 2	 5	 4
rs5973949 	21	21	20	12	 0	 7	 6
rs5929437 	12	12	10	21	 0	 7	 6
rs5929459 	12	11	10	11	 4	 3	 2
rs11152812	21	22	20	22	 4	 3	 2
rs6579492 	21	22	20	22	 4	 3	 2
rs6644136 	11	11	10	11	 6	 2	 2
rs2376486 	22	21	20	22	 4	 3	 2
rs5946136 	22	21	20	22	 4	 3	 2
rs547617  	21	22	20	22	 4	 3	 2
rs12846241	11	11	10	11	 6	 2	 2
rs12855702	11	12	10	21	 2	 5	 4
rs2497541 	11	12	10	21	 2	 5	 4
rs2497505 	22	21	20	12	 2	 5	 4
rs4421526 	22	21	20	12	 2	 5	 4
rs1360851 	11	12	10	21	 2	 5	 4
rs17094994	11	12	10	21	 2	 5	 4
rs6643932 	11	12	10	21	 2	 5	 4
rs2806268 	22	21	20	12	 2	 5	 4
rs12857270	11	12	10	21	 2	 5	 4
rs6644218 	11	12	10	21	 2	 5	 4
rs6413658 	11	11	10	21	 4	 3	 2
rs17260677	21	22	20	22	 4	 3	 2
rs2207052 	21	21	20	12	 0	 7	 6
rs2188980 	12	11	10	11	 4	 3	 2
rs5987947 	21	21	20	22	 2	 5	 4
rs12836051	12	12	10	11	 2	 5	 4
rs9803321 	11	11	10	11	 6	 2	 2
rs5991106 	21	21	20	22	 2	 5	 4
rs5991133 	11	11	10	11	 6	 2	 2
rs5950506 	22	21	20	22	 4	 3	 2
rs6651561 	11	11	10	11	 6	 2	 2
rs1403543 	11	11	10	11	 6	 2	 2
rs5952196 	22	22	20	22	 6	 2	 2
rs2311430 	11	11	10	11	 6	 2	 2
rs2104001 	22	22	20	22	 6	 2	 2
rs761204  	21	22	20	22	 4	 3	 2
rs12720076	22	22	20	22	 6	 2	 2
rs1116786 	12	12	10	11	 2	 5	 4
rs12399468	12	11	10	11	 4	 3	 2
rs11260309	12	11	10	11	 4	 3	 2
rs5911500 	12	12	10	11	 2	 5	 4
rs7050617 	11	12	10	11	 4	 3	 2
rs5910344 	21	22	20	12	 2	 5	 4
rs6646408 	22	21	20	22	 4	 3	 2
rs12688665	21	21	20	12	 0	 7	 6
rs7890522 	21	21	20	12	 0	 7	 6
rs5909793 	11	12	10	21	 2	 5	 4
rs5911197 	22	21	20	22	 4	 3	 2
rs2840686 	12	12	10	21	 0	 7	 6
rs2526814 	22	21	20	12	 2	 5	 4
rs5958243 	12	12	10	21	 0	 7	 6
rs5911732 	12	12	10	11	 2	 5	 4
rs5911898 	11	11	10	21	 4	 3	 2
rs4825517 	22	22	20	12	 4	 3	 2
rs5910171 	12	11	10	11	 4	 3	 2
rs2192279 	11	12	10	11	 4	 3	 2
rs5910249 	11	11	10	21	 4	 3	 2
rs6645397 	12	11	10	21	 2	 5	 4
rs5910260 	22	22	20	22	 6	 2	 2
rs2430212 	21	22	20	12	 2	 5	 4
rs2802919 	22	21	20	22	 4	 3	 2
rs1781949 	11	11	10	11	 6	 2	 2
rs1781951 	22	22	20	22	 6	 2	 2
rs2802923 	12	11	10	11	 4	 3	 2
rs7889948 	21	22	20	22	 4	 3	 2
rs2058536 	22	22	20	22	 6	 2	 2
rs1294812 	22	22	20	12	 4	 3	 2
rs13441012	12	11	10	11	 4	 3	 2
rs12010906	22	21	20	22	 4	 3	 2
rs2489870 	21	22	20	12	 2	 5	 4
rs929590  	12	11	10	11	 4	 3	 2
rs195741  	22	22	20	22	 6	 2	 2
rs5909577 	21	22	20	12	 2	 5	 4
rs5910480 	12	11	10	21	 2	 5	 4
rs17261061	21	22	20	12	 2	 5	 4
rs5909592 	21	22	20	12	 2	 5	 4
rs5957154 	21	22	20	22	 4	 3	 2
rs217994  	22	21	20	22	 4	 3	 2
rs10521688	22	22	20	22	 6	 2	 2
rs5956133 	11	11	10	21	 4	 3	 2
rs3848877 	12	11	10	11	 4	 3	 2
rs3848879 	21	22	20	22	 4	 3	 2
rs2528719 	22	22	20	22	 6	 2	 2
rs4825677 	12	12	10	21	 0	 7	 6
rs3001972 	22	21	20	22	 4	 3	 2
rs194309  	22	22	20	22	 6	 2	 2
rs1468422 	11	11	10	11	 6	 2	 2
rs6646569 	21	22	20	22	 4	 3	 2
rs2285405 	12	11	10	11	 4	 3	 2
rs4825699 	12	12	10	21	 0	 7	 6
rs5910843 	12	11	10	11	 4	 3	 2
rs5957379 	22	21	20	12	 2	 5	 4
rs42902   	21	21	20	12	 0	 7	 6
rs5957420 	22	22	20	22	 6	 2	 2
rs12392661	22	22	20	22	 6	 2	 2
rs4825723 	12	12	10	11	 2	 5	 4
rs5909763 	11	11	10	21	 4	 3	 2
rs5911042 	22	22	20	12	 4	 3	 2
rs5909779 	22	21	20	12	 2	 5	 4
rs5957530 	12	12	10	21	 0	 7	 6
rs5957544 	11	12	10	21	 2	 5	 4
rs4142568 	21	21	20	22	 2	 5	 4
rs5957641 	12	12	10	21	 0	 7	 6
rs2889133 	22	21	20	12	 2	 5	 4
rs5957755 	21	21	20	12	 0	 7	 6
rs5957768 	22	22	20	22	 6	 2	 2
rs12009152	22	22	20	12	 4	 3	 2
rs703919  	22	22	20	12	 4	 3	 2
rs2429783 	22	22	20	12	 4	 3	 2
rs12397099	12	12	10	21	 0	 7	 6
rs783287  	21	21	20	12	 0	 7	 6
rs2386514 	21	21	20	12	 0	 7	 6
rs783280  	21	21	20	12	 0	 7	 6
rs1488335 	21	21	20	12	 0	 7	 6
rs5957896 	21	22	20	22	 4	 3	 2
rs7879938 	11	12	10	21	 2	 5	 4
rs4352982 	22	21	20	12	 2	 5	 4
rs2448863 	12	12	10	11	 2	 5	 4
rs4825450 	21	21	20	22	 2	 5	 4
rs2840627 	21	21	20	12	 0	 7	 6
rs5958038 	21	21	20	12	 0	 7	 6
rs1454658 	21	22	20	12	 2	 5	 4
rs2100471 	21	22	20	12	 2	 5	 4
rs5911372 	21	21	20	22	 2	 5	 4
rs6648833 	22	22	20	12	 4	 3	 2
rs5909917 	00	00	00	00	 8	 0	 0
rs1935282 	12	11	10	11	 4	 3	 2
rs766843  	21	22	20	22	 4	 3	 2
rs1293541 	21	22	20	22	 4	 3	 2
rs4825825 	21	22	20	22	 4	 3	 2
rs4825828 	21	22	20	22	 4	 3	 2
rs5911531 	21	22	20	22	 4	 3	 2
rs4825840 	21	22	20	22	 4	 3	 2
rs7052603 	12	12	10	21	 0	 7	 6
rs5911590 	21	21	20	12	 0	 7	 6
rs5956542 	12	12	10	21	 0	 7	 6
rs651595  	22	21	20	12	 2	 5	 4
rs5911627 	12	12	10	11	 2	 5	 4
rs2851735 	11	11	10	11	 6	 2	 2
rs2498044 	11	11	10	21	 4	 3	 2
rs5958281 	22	22	20	12	 4	 3	 2
rs2982134 	22	22	20	12	 4	 3	 2
rs3005869 	11	12	10	21	 2	 5	 4
rs7878958 	12	11	10	21	 2	 5	 4
rs17334739	11	11	10	21	 4	 3	 2
rs6649134 	11	11	10	21	 4	 3	 2
rs6655780 	22	22	20	12	 4	 3	 2
rs6655786 	22	22	20	12	 4	 3	 2
rs1279792 	22	22	20	22	 6	 2	 2
rs1279816 	22	22	20	22	 6	 2	 2
rs10521725	11	12	10	21	 2	 5	 4
rs5910080 	21	21	20	12	 0	 7	 6
rs2235381 	11	11	10	11	 6	 2	 2
rs5911840 	21	22	20	22	 4	 3	 2
rs2266904 	22	21	20	22	 4	 3	 2
rs10521726	22	22	20	22	 6	 2	 2
rs2843506 	22	21	20	12	 2	 5	 4
rs28431787	00	00	00	00	 8	 0	 0
rs7887767 	22	22	20	12	 4	 3	 2
rs2356744 	22	22	20	12	 4	 3	 2
rs5911988 	21	22	20	22	 4	 3	 2
rs3924466 	21	21	20	22	 2	 5	 4
rs3135259 	22	22	20	22	 6	 2	 2
rs1993601 	12	12	10	11	 2	 5	 4
rs5974854 	21	22	20	22	 4	 3	 2
rs212255  	11	11	10	11	 6	 2	 2
rs5976698 	11	11	10	11	 6	 2	 2
rs2819540 	21	22	20	22	 4	 3	 2
rs4830113 	11	11	10	11	 6	 2	 2
rs5932693 	21	22	20	22	 4	 3	 2
rs5932762 	11	11	10	11	 6	 2	 2
rs28667982	12	12	10	21	 0	 7	 6
rs5932947 	21	21	20	12	 0	 7	 6
rs458772  	21	22	20	12	 2	 5	 4
rs12559152	21	21	20	12	 0	 7	 6
rs41515746	21	21	20	12	 0	 7	 6
rs7066197 	21	22	20	12	 2	 5	 4
rs1936826 	12	12	10	21	 0	 7	 6
rs5978057 	21	21	20	12	 0	 7	 6
rs1290579 	21	22	20	22	 4	 3	 2
rs5975657 	21	21	20	22	 2	 5	 4
rs6635312 	21	22	20	12	 2	 5	 4
rs5931106 	22	22	20	22	 6	 2	 2
rs588     	11	11	10	11	 6	 2	 2
rs10284211	11	11	10	21	 4	 3	 2
rs1937539 	21	22	20	22	 4	 3	 2
rs6635816 	22	21	20	22	 4	 3	 2
rs12834033	11	11	10	11	 6	 2	 2
rs4830001 	12	11	10	11	 4	 3	 2
rs3131440 	22	21	20	22	 4	 3	 2
rs5976457 	11	12	10	11	 4	 3	 2
rs2629849 	11	12	10	11	 4	 3	 2
rs204321  	11	12	10	11	 4	 3	 2
rs5974880 	21	21	20	12	 0	 7	 6
rs149923  	22	22	20	12	 4	 3	 2
rs428640  	21	22	20	12	 2	 5	 4
rs201644  	21	22	20	12	 2	 5	 4
rs5931941 	21	22	20	12	 2	 5	 4
rs4240116 	12	11	10	21	 2	 5	 4
rs4354443 	12	11	10	21	 2	 5	 4
rs2207033 	21	22	20	12	 2	 5	 4
rs2179789 	12	11	10	21	 2	 5	 4
rs6637287 	21	22	20	12	 2	 5	 4
rs5932103 	12	11	10	21	 2	 5	 4
rs5976626 	12	11	10	11	 4	 3	 2
rs226610  	21	22	20	22	 4	 3	 2
rs2101271 	21	22	20	22	 4	 3	 2
rs5932245 	12	11	10	11	 4	 3	 2
rs2157146 	12	11	10	11	 4	 3	 2
rs5932324 	12	12	10	21	 0	 7	 6
rs5974996 	21	22	20	22	 4	 3	 2
rs5932371 	21	21	20	12	 0	 7	 6
rs5932389 	21	21	20	12	 0	 7	 6
rs240185  	12	12	10	21	 0	 7	 6
rs240170  	12	12	10	21	 0	 7	 6
rs5932432 	21	21	20	12	 0	 7	 6
rs5932441 	21	21	20	12	 0	 7	 6
rs5932458 	11	11	10	11	 6	 2	 2
rs2027843 	22	22	20	22	 6	 2	 2
rs933227  	11	11	10	11	 6	 2	 2
rs5976862 	11	12	10	11	 4	 3	 2
rs2227038 	11	12	10	21	 2	 5	 4
rs2365595 	11	12	10	11	 4	 3	 2
rs6637507 	21	21	20	22	 2	 5	 4
rs5932552 	12	11	10	11	 4	 3	 2
rs5932560 	11	12	10	11	 4	 3	 2
rs1341670 	11	12	10	11	 4	 3	 2
rs5932574 	11	12	10	11	 4	 3	 2
rs5930316 	22	22	20	22	 6	 2	 2
rs1883106 	12	11	10	11	 4	 3	 2
rs2103519 	11	11	10	21	 4	 3	 2
rs6529359 	11	12	10	11	 4	 3	 2
rs5932624 	11	12	10	11	 4	 3	 2
rs6637612 	11	12	10	11	 4	 3	 2
rs5977112 	11	12	10	11	 4	 3	 2
rs3115758 	21	22	20	22	 4	 3	 2
rs4830159 	22	22	20	12	 4	 3	 2
rs2076205 	22	22	20	12	 4	 3	 2
rs3747340 	22	21	20	22	 4	 3	 2
rs2281277 	11	11	10	11	 6	 2	 2
rs5977194 	12	12	10	21	 0	 7	 6
rs209990  	11	12	10	11	 4	 3	 2
rs1139851 	22	21	20	22	 4	 3	 2
rs608117  	12	12	10	11	 2	 5	 4
rs5975179 	12	12	10	11	 2	 5	 4
rs1010978 	12	11	10	11	 4	 3	 2
rs5930408 	11	12	10	21	 2	 5	 4
rs6634784 	11	11	10	11	 6	 2	 2
rs12558650	22	22	20	22	 6	 2	 2
rs5932794 	11	11	10	11	 6	 2	 2
rs17250240	11	11	10	21	 4	 3	 2
rs4269691 	22	22	20	22	 6	 2	 2
rs4454454 	22	22	20	12	 4	 3	 2
rs5975244 	11	11	10	11	 6	 2	 2
rs6634815 	22	22	20	12	 4	 3	 2
rs6418944 	22	22	20	22	 6	 2	 2
rs17250618	11	11	10	11	 6	 2	 2
rs717972  	11	11	10	11	 6	 2	 2
rs499030  	11	11	10	11	 6	 2	 2
rs859849  	22	22	20	22	 6	 2	 2
rs5930497 	21	21	20	22	 2	 5	 4
rs7061008 	11	12	10	11	 4	 3	 2
rs6529503 	22	22	20	22	 6	 2	 2
rs202726  	22	22	20	12	 4	 3	 2
rs7058455 	22	22	20	22	 6	 2	 2
rs5933057 	22	22	20	12	 4	 3	 2
rs5933079 	21	22	20	12	 2	 5	 4
rs6529540 	22	21	20	22	 4	 3	 2
rs2179978 	21	22	20	12	 2	 5	 4
rs2044046 	21	22	20	22	 4	 3	 2
rs410904  	21	22	20	22	 4	 3	 2
rs243451  	12	11	10	11	 4	 3	 2
rs1511739 	22	22	20	22	 6	 2	 2
rs5933187 	21	22	20	22	 4	 3	 2
rs2157192 	22	22	20	22	 6	 2	 2
rs173343  	11	11	10	11	 6	 2	 2
rs190260  	22	22	20	22	 6	 2	 2
rs2239463 	11	11	10	21	 4	 3	 2
rs2266807 	11	11	10	21	 4	 3	 2
rs5977872 	11	11	10	21	 4	 3	 2
rs2267514 	11	11	10	11	 6	 2	 2
rs1264379 	11	11	10	11	 6	 2	 2
rs6638162 	11	12	10	11	 4	 3	 2
rs175327  	11	12	10	11	 4	 3	 2
rs12560127	11	12	10	11	 4	 3	 2
rs17277966	22	22	20	22	 6	 2	 2
rs6634984 	11	12	10	11	 4	 3	 2
rs2503985 	11	11	10	11	 6	 2	 2
rs6635006 	22	21	20	12	 2	 5	 4
rs28429184	11	11	10	21	 4	 3	 2
rs4497125 	11	11	10	21	 4	 3	 2
rs33962803	22	22	20	22	 6	 2	 2
rs5933472 	22	21	20	22	 4	 3	 2
rs35152475	21	22	20	22	 4	 3	 2
rs2247343 	21	22	20	22	 4	 3	 2
rs5933512 	11	11	10	11	 6	 2	 2
rs4830335 	12	11	10	11	 4	 3	 2
rs5933529 	22	21	20	12	 2	 5	 4
rs1990273 	12	11	10	11	 4	 3	 2
rs2531377 	21	22	20	22	 4	 3	 2
rs5929656 	12	11	10	11	 4	 3	 2
rs946460  	11	11	10	11	 6	 2	 2
rs5930740 	22	22	20	22	 6	 2	 2
rs1027945 	22	22	20	22	 6	 2	 2
rs7883076 	22	22	20	22	 6	 2	 2
rs2446132 	22	22	20	22	 6	 2	 2
rs5974568 	22	22	20	22	 6	 2	 2
rs5929708 	22	22	20	22	 6	 2	 2
rs903143  	11	12	10	21	 2	 5	 4
rs7886348 	11	12	10	11	 4	 3	 2
rs2300917 	21	21	20	12	 0	 7	 6
rs1055497 	12	11	10	21	 2	 5	 4
rs1040649 	21	22	20	12	 2	 5	 4
rs6654158 	21	22	20	12	 2	 5	 4
rs5930939 	22	22	20	12	 4	 3	 2
rs1329548 	11	11	10	21	 4	 3	 2
rs1203607 	22	22	20	12	 4	 3	 2
rs2427870 	22	21	20	22	 4	 3	 2
rs3092936 	11	11	10	21	 4	 3	 2
rs613174  	22	22	20	12	 4	 3	 2
rs6528389 	11	11	10	21	 4	 3	 2
rs1382533 	21	21	20	12	 0	 7	 6
rs12839381	22	22	20	12	 4	 3	 2
rs5929786 	12	12	10	21	 0	 7	 6
rs2886230 	12	12	10	21	 0	 7	 6
rs5931071 	21	22	20	22	 4	 3	 2
rs1111099 	11	12	10	11	 4	 3	 2
rs4829868 	21	22	20	22	 4	 3	 2
rs5931135 	11	11	10	21	 4	 3	 2
rs760778  	22	22	20	22	 6	 2	 2
rs6528463 	11	11	10	11	 6	 2	 2
rs2859251 	22	22	20	12	 4	 3	 2
rs4829889 	22	22	20	12	 4	 3	 2
rs5931188 	22	21	20	12	 2	 5	 4
rs2506846 	22	21	20	22	 4	 3	 2
rs763111  	12	12	10	11	 2	 5	 4
rs1324154 	21	21	20	22	 2	 5	 4
rs4829906 	12	12	10	21	 0	 7	 6
rs2886700 	21	22	20	22	 4	 3	 2
rs5931272 	12	12	10	11	 2	 5	 4
rs5929877 	11	11	10	21	 4	 3	 2
rs6635573 	11	11	10	21	 4	 3	 2
rs992984  	22	22	20	22	 6	 2	 2
rs359667  	11	11	10	21	 4	 3	 2
rs6635622 	11	11	10	21	 4	 3	 2
rs5931378 	22	21	20	22	 4	 3	 2
rs1487918 	11	12	10	11	 4	 3	 2
rs5929926 	21	22	20	22	 4	 3	 2
rs12843425	21	22	20	22	 4	 3	 2
rs7064694 	12	11	10	21	 2	 5	 4
rs5929938 	21	22	20	22	 4	 3	 2
rs5931474 	21	22	20	22	 4	 3	 2
rs2017465 	12	11	10	21	 2	 5	 4
rs12838463	11	11	10	21	 4	 3	 2
rs5931521 	22	22	20	22	 6	 2	 2
rs971470  	22	22	20	22	 6	 2	 2
rs12560172	11	11	10	11	 6	 2	 2
rs7888266 	22	22	20	22	 6	 2	 2
rs2886973 	22	21	20	12	 2	 5	 4
rs6634045 	11	11	10	11	 6	 2	 2
rs10521797	22	22	20	12	 4	 3	 2
rs6528612 	11	11	10	21	 4	 3	 2
rs3971914 	22	21	20	12	 2	 5	 4
rs4396035 	11	11	10	21	 4	 3	 2
rs376165  	11	11	10	21	 4	 3	 2
rs3128288 	11	12	10	21	 2	 5	 4
rs2891098 	21	21	20	12	 0	 7	 6
rs2805895 	22	21	20	22	 4	 3	 2
rs17256782	22	22	20	22	 6	 2	 2
rs6634111 	22	22	20	22	 6	 2	 2
rs2477259 	11	11	10	21	 4	 3	 2
rs1541375 	11	12	10	21	 2	 5	 4
rs435268  	22	21	20	12	 2	 5	 4
rs667002  	11	11	10	21	 4	 3	 2
rs6634148 	21	22	20	22	 4	 3	 2
rs5909058 	22	22	20	22	 6	 2	 2
rs203647  	12	12	10	21	 0	 7	 6
rs6634176 	22	22	20	22	 6	 2	 2
rs12688185	12	12	10	21	 0	 7	 6
rs5907616 	12	12	10	21	 0	 7	 6
rs6636114 	12	12	10	21	 0	 7	 6
rs7063248 	22	22	20	12	 4	 3	 2
rs7888189 	11	11	10	21	 4	 3	 2
rs5953542 	22	21	20	22	 4	 3	 2
rs1016824 	12	12	10	11	 2	 5	 4
rs714073  	22	22	20	22	 6	 2	 2
rs5907133 	12	11	10	11	 4	 3	 2
rs4584286 	22	21	20	22	 4	 3	 2
rs5907945 	22	22	20	22	 6	 2	 2
rs5954382 	22	21	20	22	 4	 3	 2
rs5908013 	12	11	10	21	 2	 5	 4
rs10521807	12	11	10	11	 4	 3	 2
rs5908051 	22	22	20	22	 6	 2	 2
rs1120947 	21	22	20	22	 4	 3	 2
rs7883954 	11	11	10	11	 6	 2	 2
rs5954476 	12	12	10	21	 0	 7	 6
rs4825057 	21	21	20	12	 0	 7	 6
rs5908146 	12	11	10	11	 4	 3	 2
rs6654462 	12	12	10	21	 0	 7	 6
rs4825100 	11	12	10	11	 4	 3	 2
rs5908255 	22	22	20	22	 6	 2	 2
rs4824901 	11	12	10	11	 4	 3	 2
rs2869924 	21	22	20	12	 2	 5	 4
rs6636709 	21	21	20	22	 2	 5	 4
rs5954720 	12	11	10	11	 4	 3	 2
rs926919  	11	12	10	21	 2	 5	 4
rs6636820 	22	22	20	22	 6	 2	 2
rs7065033 	12	11	10	11	 4	 3	 2
rs5908451 	21	22	20	22	 4	 3	 2
rs5954922 	12	11	10	11	 4	 3	 2
rs5908515 	22	22	20	22	 6	 2	 2
rs5908534 	21	22	20	22	 4	 3	 2
rs5954955 	11	11	10	11	 6	 2	 2
rs2142881 	11	11	10	11	 6	 2	 2
rs5954985 	11	11	10	21	 4	 3	 2
rs11798650	22	22	20	12	 4	 3	 2
rs1883318 	21	21	20	12	 0	 7	 6
rs2206199 	21	22	20	22	 4	 3	 2
rs5955034 	22	21	20	12	 2	 5	 4
rs5955070 	12	12	10	21	 0	 7	 6
rs4140484 	12	12	10	21	 0	 7	 6
rs5908733 	21	22	20	22	 4	 3	 2
rs878882  	11	12	10	11	 4	 3	 2
rs5908784 	22	22	20	22	 6	 2	 2
rs5955140 	21	21	20	22	 2	 5	 4
rs237496  	11	11	10	11	 6	 2	 2
rs5955162 	22	22	20	22	 6	 2	 2
rs5907514 	11	11	10	11	 6	 2	 2
rs5908886 	11	11	10	11	 6	 2	 2
rs5953935 	11	11	10	21	 4	 3	 2
rs859941  	22	22	20	12	 4	 3	 2
rs859927  	11	11	10	11	 6	 2	 2
rs6649682 	11	11	10	21	 4	 3	 2
rs28535398	21	21	20	22	 2	 5	 4
rs16995429	22	22	20	12	 4	 3	 2
rs5987372 	22	22	20	22	 6	 2	 2
rs12008622	21	21	20	22	 2	 5	 4
rs736388  	21	21	20	22	 2	 5	 4
rs2382931 	21	21	20	12	 0	 7	 6
rs10482174	22	22	20	22	 6	 2	 2
rs10127106	12	12	10	21	 0	 7	 6
rs16995223	11	11	10	11	 6	 2	 2
rs4326519 	11	11	10	11	 6	 2	 2
rs1325104 	21	21	20	22	 2	 5	 4
rs5920440 	12	12	10	21	 0	 7	 6
rs12689763	12	12	10	11	 2	 5	 4
rs5920480 	22	22	20	22	 6	 2	 2
rs11094472	22	22	20	12	 4	 3	 2
rs5920526 	21	21	20	12	 0	 7	 6
rs2034767 	22	22	20	22	 6	 2	 2
rs1151983 	21	21	20	12	 0	 7	 6
rs1781486 	22	22	20	22	 6	 2	 2
rs976845  	12	12	10	11	 2	 5	 4
rs2748620 	12	12	10	21	 0	 7	 6
rs2842776 	12	12	10	21	 0	 7	 6
rs12388500	11	11	10	21	 4	 3	 2
rs7058261 	12	12	10	21	 0	 7	 6
rs5919975 	22	22	20	12	 4	 3	 2
rs12848113	22	22	20	12	 4	 3	 2
rs1339604 	11	11	10	21	 4	 3	 2
rs5920015 	12	12	10	11	 2	 5	 4
rs6626484 	22	22	20	22	 6	 2	 2
rs1339482 	21	21	20	12	 0	 7	 6
rs7888231 	21	21	20	12	 0	 7	 6
rs2207940 	12	12	10	11	 2	 5	 4
rs6626660 	21	21	20	22	 2	 5	 4
rs2213728 	12	12	10	21	 0	 7	 6
rs1575095 	12	12	10	21	 0	 7	 6
rs6626749 	11	11	10	11	 6	 2	 2
rs1073274 	12	12	10	21	 0	 7	 6
rs11094388	21	21	20	12	 0	 7	 6
rs6525803 	22	22	20	22	 6	 2	 2
rs12011838	21	21	20	22	 2	 5	 4
rs17282865	21	21	20	22	 2	 5	 4
rs16994051	21	21	20	12	 0	 7	 6
rs12115908	11	11	10	11	 6	 2	 2
rs5951794 	12	12	10	21	 0	 7	 6
rs516931  	22	22	20	22	 6	 2	 2
rs1359160 	11	11	10	11	 6	 2	 2
rs5904743 	11	11	10	21	 4	 3	 2
rs2742895 	12	12	10	21	 0	 7	 6
rs5952060 	11	11	10	11	 6	 2	 2
rs2121749 	12	12	10	21	 0	 7	 6
rs28900   	22	22	20	22	 6	 2	 2
rs7881398 	12	12	10	11	 2	 5	 4
rs6525877 	12	12	10	11	 2	 5	 4
rs36005228	22	22	20	22	 6	 2	 2
rs5980621 	12	12	10	11	 2	 5	 4
rs12388487	21	21	20	22	 2	 5	 4
rs2536564 	21	21	20	12	 0	 7	 6
rs6641214 	11	11	10	21	 4	 3	 2
rs5936354 	21	21	20	22	 2	 5	 4
rs6540372 	11	11	10	11	 6	 2	 2
rs5936393 	21	21	20	22	 2	 5	 4
rs4844064 	12	12	10	11	 2	 5	 4
rs7060809 	21	21	20	22	 2	 5	 4
rs241088  	11	11	10	11	 6	 2	 2
rs5936432 	22	22	20	22	 6	 2	 2
rs1265392 	22	22	20	22	 6	 2	 2
rs1867024 	11	11	10	11	 6	 2	 2
rs12011040	22	22	20	22	 6	 2	 2
rs12841986	11	11	10	11	 6	 2	 2
rs4413941 	11	11	10	11	 6	 2	 2
rs10521878	22	22	20	22	 6	 2	 2
rs732572  	11	11	10	11	 6	 2	 2
rs5936177 	12	12	10	21	 0	 7	 6
rs4133910 	11	11	10	21	 4	 3	 2
rs1329431 	22	22	20	22	 6	 2	 2
rs556108  	21	21	20	22	 2	 5	 4
rs12013571	12	12	10	11	 2	 5	 4
rs9698929 	11	11	10	11	 6	 2	 2
rs5983925 	11	11	10	21	 4	 3	 2
rs5983897 	22	22	20	22	 6	 2	 2
rs7472068 	22	22	20	12	 4	 3	 2
rs7391189 	12	12	10	11	 2	 5	 4
rs6649483 	12	12	10	21	 0	 7	 6
rs11094585	11	11	10	21	 4	 3	 2
rs9698926 	11	11	10	21	 4	 3	 2
rs5924811 	22	22	20	22	 6	 2	 2
rs2143460 	22	22	20	22	 6	 2	 2
rs611711  	11	11	10	11	 6	 2	 2
rs2283746 	22	22	20	12	 4	 3	 2
rs490733  	21	21	20	12	 0	 7	 6
rs2266845 	21	21	20	12	 0	 7	 6
rs222417  	12	12	10	21	 0	 7	 6
rs5925414 	21	21	20	12	 0	 7	 6
rs5924842 	21	21	20	12	 0	 7	 6
rs11797645	21	21	20	12	 0	 7	 6
rs7058184 	11	11	10	11	 6	 2	 2
rs425563  	11	11	10	11	 6	 2	 2
rs28491180	11	11	10	11	 6	 2	 2
rs6627351 	22	22	20	22	 6	 2	 2
rs435455  	22	22	20	12	 4	 3	 2
rs1734482 	22	22	20	12	 4	 3	 2
rs6526221 	11	11	10	21	 4	 3	 2
rs4828561 	12	12	10	11	 2	 5	 4
rs6627379 	22	22	20	12	 4	 3	 2
rs5924935 	11	11	10	21	 4	 3	 2
rs7887209 	22	22	20	22	 6	 2	 2
rs16996003	22	22	20	22	 6	 2	 2
rs12841871	11	11	10	11	 6	 2	 2
rs12861962	22	22	20	12	 4	 3	 2
rs6526014 	12	12	10	11	 2	 5	 4
rs12836191	22	22	20	22	 6	 2	 2
rs926039  	11	11	10	21	 4	 3	 2
rs2205549 	12	12	10	21	 0	 7	 6
rs2301192 	21	21	20	22	 2	 5	 4
rs2239684 	12	12	10	21	 0	 7	 6
rs5970176 	12	12	10	11	 2	 5	 4
rs2452137 	21	21	20	22	 2	 5	 4
rs17254377	22	22	20	22	 6	 2	 2
rs5925140 	11	11	10	11	 6	 2	 2
rs5970247 	11	11	10	11	 6	 2	 2
rs1492295 	11	11	10	11	 6	 2	 2
rs11795489	11	11	10	11	 6	 2	 2
rs1109840 	22	22	20	22	 6	 2	 2
rs6627242 	11	11	10	11	 6	 2	 2
rs4385609 	22	22	20	22	 6	 2	 2
rs5925188 	11	11	10	21	 4	 3	 2
rs2471771 	11	11	10	11	 6	 2	 2
rs12844604	22	22	20	12	 4	 3	 2
rs5970389 	11	11	10	21	 4	 3	 2
rs5925246 	11	11	10	11	 6	 2	 2
rs2097254 	11	11	10	11	 6	 2	 2
rs5970414 	21	21	20	12	 0	 7	 6
rs2301187 	11	11	10	11	 6	 2	 2
rs35619314	12	12	10	21	 0	 7	 6
rs12558512	12	12	10	21	 0	 7	 6
rs3256    	11	11	10	11	 6	 2	 2
rs5945193 	22	22	20	12	 4	 3	 2
rs6571305 	11	11	10	11	 6	 2	 2
rs2073479 	11	11	10	21	 4	 3	 2
rs5945145 	11	11	10	21	 4	 3	 2
rs12852467	22	22	20	12	 4	 3	 2
rs6643775 	12	12	10	21	 0	 7	 6
rs5987155 	22	22	20	12	 4	 3	 2
rs5987171 	22	22	20	12	 4	 3	 2
rs2070097 	11	11	10	11	 6	 2	 2
rs17422   	11	11	10	11	 6	 2	 2
rs1059702 	22	22	20	22	 6	 2	 2
rs7877644 	22	22	20	22	 6	 2	 2
rs7881408 	22	22	20	22	 6	 2	 2
rs12559330	22	22	20	22	 6	 2	 2
rs2239470 	11	11	10	11	 6	 2	 2
rs5986981 	22	22	20	22	 6	 2	 2
rs7054137 	21	21	20	12	 0	 7	 6
rs4526543 	21	21	20	22	 2	 5	 4
rs6643615 	21	21	20	22	 2	 5	 4
rs2221730 	22	22	20	12	 4	 3	 2
rs4898398 	22	22	20	22	 6	 2	 2
rs4074307 	11	11	10	21	 4	 3	 2
rs17051889	11	11	10	21	 4	 3	 2
rs5945282 	12	12	10	11	 2	 5	 4
rs895745  	22	22	20	12	 4	 3	 2
rs6642356 	11	11	10	11	 6	 2	 2
rs547447  	22	22	20	12	 4	 3	 2
rs524609  	11	11	10	21	 4	 3	 2
rs28719866	22	22	20	12	 4	 3	 2
rs12557310	22	22	20	12	 4	 3	 2
rs5940512 	11	11	10	21	 4	 3	 2
rs89278   	11	11	10	21	 4	 3	 2
rs549327  	11	11	10	21	 4	 3	 2
